2	0.999862	0.0079731	-0.0146076	-0.00546349	-0.00823614	0.999803	-0.0180363	-0.00843579	0.0144609	0.0181541	0.999731	0.0115304	0	0	0	1
3	0.999515	0.0130844	-0.0282521	-0.00872693	-0.0141009	0.999249	-0.036085	-0.0159347	0.0277588	0.0364658	0.998949	0.0182617	0	0	0	1
4	0.998748	0.0203539	-0.0456997	-0.0154768	-0.0226347	0.998495	-0.0499568	-0.0250792	0.0446141	0.0509286	0.997705	0.0196145	0	0	0	1
5	0.997293	0.0273438	-0.0682565	-0.0209085	-0.0316075	0.997564	-0.0621879	-0.0302847	0.0663898	0.064177	0.995728	0.0224318	0	0	0	1
6	0.995102	0.0332401	-0.0930972	-0.0285375	-0.0398554	0.996742	-0.0701246	-0.0363544	0.0904629	0.0734916	0.993185	0.0295991	0	0	0	1
7	0.991225	0.043721	-0.124745	-0.0352664	-0.0524494	0.996335	-0.0675652	-0.0416565	0.121333	0.0735151	0.989886	0.0352453	0	0	0	1
8	0.98509	0.0597456	-0.161334	-0.0440142	-0.0702375	0.995717	-0.0601272	-0.0458305	0.15705	0.0705624	0.985067	0.0432684	0	0	0	1
9	0.976592	0.078959	-0.200086	-0.0544048	-0.0913996	0.994365	-0.0537069	-0.0517844	0.194717	0.0707375	0.978305	0.0503993	0	0	0	1
10	0.965239	0.098601	-0.242057	-0.0606931	-0.113174	0.992462	-0.0470219	-0.0543972	0.235596	0.0727819	0.969122	0.0615656	0	0	0	1
11	0.950494	0.124505	-0.284709	-0.067401	-0.140288	0.989469	-0.0356465	-0.0597999	0.277272	0.0738229	0.957951	0.0722198	0	0	0	1
12	0.933052	0.151107	-0.326467	-0.0727737	-0.167326	0.985656	-0.0220052	-0.0627911	0.318459	0.0751583	0.944952	0.088997	0	0	0	1
13	0.912259	0.181284	-0.367314	-0.0799809	-0.196982	0.980393	-0.00535958	-0.0693938	0.359141	0.0772435	0.930081	0.100809	0	0	0	1
14	0.886411	0.210874	-0.412078	-0.0827455	-0.227255	0.973789	0.00947639	-0.074116	0.403275	0.0852469	0.911099	0.112913	0	0	0	1
15	0.855736	0.23533	-0.460799	-0.0767226	-0.255366	0.966649	0.0194354	-0.082321	0.450004	0.101041	0.887292	0.125786	0	0	0	1
16	0.824545	0.255653	-0.504745	-0.0719759	-0.282496	0.958962	0.0242318	-0.087235	0.490227	0.122608	0.862928	0.139029	0	0	0	1
17	0.790533	0.274736	-0.547337	-0.0638677	-0.305991	0.951369	0.035588	-0.091024	0.530496	0.139347	0.836156	0.150744	0	0	0	1
18	0.750572	0.291007	-0.59326	-0.0584487	-0.325958	0.944025	0.0506749	-0.106319	0.574799	0.155342	0.803415	0.159023	0	0	0	1
19	0.704629	0.306238	-0.640091	-0.0509045	-0.348084	0.935257	0.0642731	-0.110594	0.618333	0.177517	0.765606	0.168634	0	0	0	1
20	0.65341	0.329077	-0.681736	-0.0459459	-0.375118	0.92298	0.0859954	-0.115872	0.657528	0.199541	0.726526	0.172514	0	0	0	1
21	0.59874	0.353609	-0.718659	-0.0411515	-0.401493	0.908899	0.112717	-0.119703	0.693047	0.221048	0.686166	0.177651	0	0	0	1
22	0.540623	0.377414	-0.751855	-0.0361513	-0.42281	0.89454	0.145015	-0.123883	0.727295	0.239493	0.643184	0.184729	0	0	0	1
23	0.478923	0.403185	-0.779792	-0.0304359	-0.44104	0.878554	0.183376	-0.129759	0.759023	0.256096	0.59858	0.189003	0	0	0	1
24	0.418838	0.421318	-0.804404	-0.0234876	-0.455036	0.86398	0.215593	-0.131318	0.785822	0.275735	0.553583	0.194254	0	0	0	1
25	0.371768	0.434006	-0.820626	-0.0208493	-0.461387	0.853457	0.242347	-0.133565	0.80555	0.28853	0.517533	0.193337	0	0	0	1
26	0.333166	0.440668	-0.833554	-0.0161676	-0.463996	0.846232	0.261914	-0.141594	0.820797	0.299505	0.486404	0.195426	0	0	0	1
27	0.304601	0.440549	-0.844473	-0.0102365	-0.467353	0.841668	0.270512	-0.143972	0.829939	0.312268	0.462265	0.195608	0	0	0	1
28	0.28904	0.437451	-0.851523	-0.00359209	-0.469255	0.840041	0.272269	-0.149449	0.83442	0.320884	0.448082	0.194277	0	0	0	1
29	0.284802	0.429624	-0.856919	8.70428e-05	-0.469267	0.841986	0.266173	-0.152354	0.835868	0.326318	0.441408	0.19404	0	0	0	1
30	0.284424	0.42528	-0.859209	0.0019156	-0.466593	0.844323	0.263455	-0.157817	0.837492	0.325968	0.438579	0.190167	0	0	0	1
31	0.278055	0.422079	-0.862864	0.00132375	-0.468623	0.843741	0.261712	-0.159182	0.838497	0.331588	0.432402	0.184256	0	0	0	1
32	0.265061	0.421796	-0.867082	0.00108145	-0.471244	0.841204	0.265152	-0.158214	0.841232	0.338326	0.421739	0.185109	0	0	0	1
33	0.250584	0.427248	-0.868716	-0.00230285	-0.47562	0.835914	0.273921	-0.158247	0.843204	0.344539	0.412675	0.184974	0	0	0	1
34	0.240419	0.433516	-0.868483	-0.00674337	-0.482041	0.829923	0.280827	-0.15032	0.842517	0.351128	0.408502	0.183674	0	0	0	1
35	0.232235	0.438958	-0.867976	-0.010766	-0.487369	0.824783	0.286714	-0.150441	0.841747	0.35644	0.405478	0.181383	0	0	0	1
36	0.226199	0.441609	-0.868225	-0.0129768	-0.490312	0.821796	0.290252	-0.146299	0.841682	0.360046	0.402416	0.180467	0	0	0	1
37	0.224427	0.442082	-0.868445	-0.0151603	-0.490891	0.821135	0.291141	-0.139161	0.841819	0.360972	0.401299	0.183678	0	0	0	1
38	0.226096	0.442968	-0.86756	-0.0179407	-0.491746	0.820711	0.290893	-0.134433	0.840873	0.360849	0.403387	0.185728	0	0	0	1
39	0.226821	0.444042	-0.866821	-0.0182332	-0.492935	0.819945	0.291043	-0.13327	0.83998	0.361272	0.404865	0.187809	0	0	0	1
40	0.226982	0.44337	-0.867123	-0.0172641	-0.494332	0.81959	0.289667	-0.128646	0.839116	0.362897	0.405204	0.18902	0	0	0	1
41	0.225346	0.444182	-0.867134	-0.0177278	-0.496369	0.818198	0.290121	-0.12845	0.838354	0.365041	0.404855	0.18929	0	0	0	1
42	0.223539	0.444131	-0.867628	-0.0163807	-0.498416	0.817056	0.28983	-0.127157	0.837623	0.367651	0.404006	0.184571	0	0	0	1
43	0.220269	0.438782	-0.871178	-0.012583	-0.498312	0.818396	0.286204	-0.121879	0.83855	0.371077	0.398918	0.183598	0	0	0	1
44	0.218154	0.427116	-0.877485	-0.00902541	-0.494058	0.823742	0.278128	-0.121464	0.841615	0.372854	0.390723	0.183734	0	0	0	1
45	0.212268	0.413552	-0.885391	-0.0100223	-0.482928	0.832061	0.272863	-0.123366	0.849543	0.36966	0.376336	0.183706	0	0	0	1
46	0.19513	0.409261	-0.891308	-0.00718397	-0.478038	0.833208	0.277928	-0.115452	0.85639	0.371847	0.358226	0.176055	0	0	0	1
47	0.172674	0.40473	-0.897985	-0.00516729	-0.49183	0.825319	0.277404	-0.103182	0.853398	0.393755	0.341569	0.162078	0	0	0	1
48	0.141721	0.389277	-0.910153	0.00293623	-0.515213	0.814094	0.267968	-0.102513	0.845264	0.430946	0.315935	0.157693	0	0	0	1
49	0.0975527	0.363876	-0.926325	0.0135391	-0.539689	0.80137	0.257956	-0.111253	0.836194	0.474763	0.274556	0.153638	0	0	0	1
50	0.0564267	0.340917	-0.938398	0.0239402	-0.545567	0.797691	0.256993	-0.122903	0.836166	0.497458	0.231004	0.159503	0	0	0	1
51	0.0255068	0.311221	-0.949995	0.0379361	-0.53029	0.809793	0.251053	-0.137431	0.847432	0.497369	0.185693	0.177175	0	0	0	1
52	-0.010203	0.280886	-0.959687	0.0510755	-0.517033	0.820004	0.2455	-0.155019	0.855905	0.498694	0.136861	0.195749	0	0	0	1
53	-0.0480029	0.255424	-0.965637	0.0617895	-0.507583	0.826384	0.243822	-0.173856	0.860265	0.501845	0.0899799	0.216947	0	0	0	1
54	-0.0847654	0.233756	-0.968593	0.0730533	-0.499065	0.831409	0.244324	-0.195459	0.862409	0.504101	0.0461848	0.239109	0	0	0	1
55	-0.120464	0.200466	-0.972266	0.0830172	-0.496685	0.835827	0.233874	-0.214058	0.85953	0.511084	-0.00111809	0.261885	0	0	0	1
56	-0.150734	0.179734	-0.972098	0.0907454	-0.501287	0.833637	0.231863	-0.228681	0.852051	0.522249	-0.0355587	0.282988	0	0	0	1
57	-0.174278	0.176588	-0.968733	0.09685	-0.508548	0.826293	0.242112	-0.239065	0.843212	0.534842	-0.0542009	0.296556	0	0	0	1
58	-0.194302	0.173196	-0.965531	0.102155	-0.518085	0.817691	0.250935	-0.244796	0.832967	0.548984	-0.0691483	0.308032	0	0	0	1
59	-0.211986	0.165831	-0.9631	0.108247	-0.523447	0.812946	0.255191	-0.25197	0.825267	0.558229	-0.0855289	0.317449	0	0	0	1
60	-0.224589	0.154506	-0.962127	0.118329	-0.525652	0.812168	0.253127	-0.25939	0.820518	0.562594	-0.101187	0.327784	0	0	0	1
61	-0.22845	0.142598	-0.963056	0.130745	-0.523718	0.815888	0.245041	-0.267159	0.820688	0.56035	-0.111709	0.334085	0	0	0	1
62	-0.218005	0.131404	-0.967061	0.139744	-0.517281	0.8247	0.228671	-0.270936	0.827584	0.550093	-0.111816	0.342315	0	0	0	1
63	-0.214215	0.125193	-0.96873	0.152185	-0.507446	0.833156	0.219884	-0.278126	0.834632	0.538681	-0.114945	0.35005	0	0	0	1
64	-0.220892	0.120728	-0.967797	0.165976	-0.496865	0.839952	0.218186	-0.281249	0.839245	0.52906	-0.125553	0.350239	0	0	0	1
65	-0.240697	0.12186	-0.96292	0.182398	-0.487312	0.84281	0.228471	-0.288308	0.8394	0.524234	-0.143478	0.349852	0	0	0	1
66	-0.266793	0.136803	-0.953995	0.195925	-0.476743	0.841546	0.254003	-0.284376	0.837579	0.522576	-0.159299	0.348278	0	0	0	1
67	-0.276652	0.145802	-0.949845	0.20689	-0.474553	0.838765	0.266969	-0.278345	0.835622	0.524609	-0.162855	0.347661	0	0	0	1
68	-0.259878	0.151533	-0.953678	0.208399	-0.482478	0.835122	0.264171	-0.270886	0.836468	0.528781	-0.143918	0.347612	0	0	0	1
69	-0.241287	0.158533	-0.957417	0.206728	-0.503123	0.823191	0.263104	-0.2665	0.829848	0.545182	-0.118864	0.349902	0	0	0	1
70	-0.233206	0.164468	-0.958418	0.203716	-0.52471	0.808517	0.266419	-0.271619	0.818715	0.565022	-0.102253	0.360627	0	0	0	1
71	-0.231171	0.169747	-0.957991	0.198632	-0.532174	0.802237	0.270567	-0.278862	0.814463	0.572365	-0.0951192	0.375649	0	0	0	1
72	-0.234345	0.18013	-0.95532	0.187661	-0.531298	0.799216	0.281026	-0.285154	0.814128	0.573417	-0.0915889	0.398282	0	0	0	1
73	-0.233732	0.191227	-0.953311	0.172578	-0.528506	0.797988	0.289649	-0.29398	0.816119	0.571531	-0.0854505	0.426416	0	0	0	1
74	-0.218279	0.205762	-0.953948	0.158086	-0.53317	0.793587	0.293171	-0.307581	0.817364	0.572609	-0.0635176	0.454274	0	0	0	1
75	-0.185758	0.220755	-0.957476	0.14308	-0.542493	0.789421	0.287257	-0.326379	0.819265	0.572785	-0.0268832	0.482296	0	0	0	1
76	-0.15428	0.238832	-0.958727	0.127537	-0.550023	0.785325	0.284146	-0.348731	0.820776	0.571159	0.0102036	0.509607	0	0	0	1
77	-0.137284	0.250357	-0.958371	0.111938	-0.547361	0.787216	0.284054	-0.360903	0.82556	0.56357	0.0289638	0.541968	0	0	0	1
78	-0.137623	0.262353	-0.955108	0.101231	-0.541093	0.787766	0.294353	-0.378053	0.829626	0.557312	0.0335427	0.56818	0	0	0	1
79	-0.143274	0.280874	-0.94899	0.0892495	-0.532881	0.786125	0.313122	-0.390019	0.833973	0.550561	0.0370409	0.594989	0	0	0	1
80	-0.144878	0.298018	-0.943502	0.0781153	-0.521528	0.787347	0.328776	-0.401931	0.840845	0.539695	0.0413555	0.61622	0	0	0	1
81	-0.147517	0.312157	-0.938508	0.0723989	-0.513612	0.78674	0.342408	-0.412247	0.845246	0.53254	0.0442705	0.627575	0	0	0	1
82	-0.155086	0.32144	-0.934144	0.070091	-0.511921	0.782577	0.354274	-0.421609	0.844917	0.533151	0.0431849	0.636186	0	0	0	1
83	-0.16225	0.321798	-0.932803	0.0682138	-0.507899	0.78325	0.358549	-0.428424	0.845998	0.531945	0.0363586	0.646588	0	0	0	1
84	-0.168814	0.321036	-0.9319	0.068609	-0.501367	0.786046	0.361612	-0.436604	0.848607	0.528269	0.0282613	0.654099	0	0	0	1
85	-0.173091	0.316478	-0.932674	0.0704225	-0.498527	0.788546	0.360092	-0.442113	0.849418	0.527292	0.0212823	0.653979	0	0	0	1
86	-0.186389	0.299689	-0.935652	0.0739637	-0.497755	0.792267	0.35292	-0.442974	0.847053	0.531506	0.00150154	0.649068	0	0	0	1
87	-0.209413	0.279902	-0.93691	0.0812442	-0.493863	0.796692	0.348398	-0.449012	0.843946	0.535665	-0.0286047	0.645486	0	0	0	1
88	-0.23635	0.256417	-0.937224	0.0891258	-0.491394	0.800573	0.34295	-0.45055	0.838254	0.541603	-0.0632135	0.63858	0	0	0	1
89	-0.258385	0.232823	-0.937566	0.098044	-0.490573	0.804448	0.334964	-0.448056	0.832211	0.546494	-0.093641	0.628546	0	0	0	1
90	-0.278114	0.207346	-0.937902	0.109835	-0.494851	0.80595	0.324911	-0.450251	0.823271	0.554484	-0.12154	0.617855	0	0	0	1
91	-0.291348	0.175395	-0.9404	0.119678	-0.501338	0.80924	0.306253	-0.449183	0.814725	0.560685	-0.147838	0.60804	0	0	0	1
92	-0.299841	0.14807	-0.942428	0.13335	-0.509287	0.810488	0.289374	-0.445475	0.806674	0.566732	-0.167607	0.596148	0	0	0	1
93	-0.307403	0.122494	-0.943662	0.141866	-0.515069	0.812429	0.273245	-0.438452	0.800129	0.570048	-0.18665	0.585453	0	0	0	1
94	-0.307743	0.102825	-0.945897	0.145073	-0.522231	0.812759	0.258258	-0.431843	0.795342	0.573454	-0.196422	0.579827	0	0	0	1
95	-0.299868	0.0900275	-0.949723	0.140708	-0.53183	0.810706	0.244771	-0.42587	0.791982	0.57849	-0.195226	0.576568	0	0	0	1
96	-0.290732	0.0888822	-0.952667	0.127104	-0.540913	0.806028	0.240275	-0.427288	0.789233	0.585166	-0.186261	0.575797	0	0	0	1
97	-0.277724	0.10198	-0.955233	0.108469	-0.546911	0.800696	0.24449	-0.428518	0.789784	0.590328	-0.166599	0.573107	0	0	0	1
98	-0.267297	0.120321	-0.956073	0.0816282	-0.546471	0.798271	0.253243	-0.42888	0.793676	0.590158	-0.147623	0.576868	0	0	0	1
99	-0.269763	0.115507	-0.955974	0.0578959	-0.537496	0.805659	0.249019	-0.439208	0.798953	0.581009	-0.155253	0.58133	0	0	0	1
100	-0.276958	0.0807635	-0.957482	0.0347502	-0.524664	0.822095	0.221106	-0.450063	0.804998	0.563594	-0.185312	0.588701	0	0	0	1
101	-0.279375	0.0535432	-0.958688	0.00878497	-0.513822	0.835118	0.196377	-0.46069	0.811133	0.547458	-0.205799	0.59978	0	0	0	1
102	-0.276956	0.0375801	-0.960148	-0.021091	-0.508156	0.842342	0.179547	-0.478798	0.81552	0.537631	-0.214195	0.611332	0	0	0	1
103	-0.26743	0.0238204	-0.963283	-0.054768	-0.514934	0.841441	0.163765	-0.488044	0.814447	0.539823	-0.212761	0.618478	0	0	0	1
104	-0.266597	0.0244677	-0.963497	-0.0912945	-0.520157	0.837941	0.165205	-0.494416	0.811396	0.545213	-0.210666	0.625901	0	0	0	1
105	-0.281215	0.0239638	-0.959345	-0.122163	-0.532187	0.827986	0.176684	-0.498394	0.798558	0.560237	-0.220089	0.626714	0	0	0	1
106	-0.301707	0.0381545	-0.952637	-0.160716	-0.538022	0.818082	0.203161	-0.498618	0.787087	0.573834	-0.226293	0.623772	0	0	0	1
107	-0.317531	0.0582002	-0.94646	-0.201675	-0.546237	0.804648	0.232738	-0.496427	0.775113	0.590893	-0.223709	0.620305	0	0	0	1
108	-0.324017	0.0702054	-0.943443	-0.246988	-0.555136	0.793395	0.249696	-0.493772	0.766053	0.604645	-0.2181	0.617799	0	0	0	1
109	-0.329161	0.0851671	-0.940425	-0.293146	-0.552401	0.790359	0.264925	-0.487281	0.765836	0.606695	-0.213109	0.615825	0	0	0	1
110	-0.335785	0.108556	-0.935662	-0.343549	-0.538631	0.792775	0.285279	-0.478078	0.772739	0.599769	-0.207731	0.609434	0	0	0	1
111	-0.338153	0.132753	-0.931681	-0.392304	-0.521749	0.797477	0.302999	-0.468291	0.783218	0.588564	-0.200406	0.602546	0	0	0	1
112	-0.337592	0.13514	-0.931541	-0.435094	-0.519409	0.798589	0.304088	-0.459302	0.785013	0.586508	-0.199404	0.588366	0	0	0	1
113	-0.332702	0.131773	-0.93378	-0.478914	-0.527712	0.794623	0.300157	-0.454037	0.781556	0.59263	-0.194834	0.568046	0	0	0	1
114	-0.32558	0.145229	-0.934295	-0.523299	-0.541086	0.781719	0.310068	-0.445319	0.775386	0.606485	-0.175931	0.55089	0	0	0	1
115	-0.315347	0.153627	-0.936459	-0.568933	-0.545691	0.777984	0.311387	-0.438222	0.776388	0.609212	-0.161502	0.53715	0	0	0	1
116	-0.312135	0.168789	-0.934923	-0.618481	-0.546766	0.772861	0.322075	-0.433658	0.776929	0.611716	-0.148949	0.526788	0	0	0	1
117	-0.304529	0.186055	-0.934155	-0.671448	-0.548708	0.767388	0.331715	-0.425083	0.778577	0.613595	-0.131602	0.521084	0	0	0	1
118	-0.28741	0.19214	-0.938338	-0.7221	-0.545179	0.772672	0.325204	-0.422061	0.787512	0.605029	-0.117324	0.514933	0	0	0	1
119	-0.277874	0.193788	-0.940868	-0.778284	-0.541484	0.777412	0.320042	-0.41641	0.793462	0.598396	-0.11109	0.512163	0	0	0	1
120	-0.277364	0.182054	-0.943359	-0.832375	-0.539065	0.783277	0.309655	-0.416425	0.795285	0.594419	-0.119115	0.514422	0	0	0	1
121	-0.277122	0.177131	-0.944366	-0.8884	-0.535873	0.787312	0.304924	-0.419704	0.797523	0.590562	-0.123262	0.513418	0	0	0	1
122	-0.279754	0.181752	-0.942711	-0.94386	-0.528077	0.790907	0.309194	-0.428242	0.801793	0.584322	-0.12528	0.508506	0	0	0	1
123	-0.28722	0.206929	-0.935246	-0.99712	-0.511725	0.792225	0.332439	-0.435595	0.809717	0.574072	-0.121652	0.503584	0	0	0	1
124	-0.306264	0.209564	-0.928593	-1.04175	-0.49674	0.796949	0.343688	-0.440814	0.812066	0.566528	-0.139978	0.495804	0	0	0	1
125	-0.325144	0.206225	-0.922904	-1.0793	-0.480456	0.804566	0.34905	-0.44843	0.81452	0.556907	-0.162518	0.48224	0	0	0	1
126	-0.340677	0.200433	-0.918567	-1.11754	-0.476732	0.805268	0.352521	-0.447636	0.810349	0.558006	-0.178783	0.467259	0	0	0	1
127	-0.348204	0.189459	-0.918073	-1.15622	-0.485806	0.801116	0.349579	-0.439722	0.801714	0.567731	-0.186912	0.448981	0	0	0	1
128	-0.351923	0.182764	-0.918013	-1.20047	-0.49628	0.795123	0.348548	-0.422158	0.793635	0.578254	-0.18912	0.430889	0	0	0	1
129	-0.356096	0.171058	-0.918659	-1.24392	-0.499409	0.796085	0.341818	-0.403126	0.789802	0.580506	-0.198055	0.411658	0	0	0	1
130	-0.362997	0.157163	-0.918441	-1.29162	-0.500595	0.798452	0.334482	-0.384472	0.785899	0.581183	-0.21116	0.386467	0	0	0	1
131	-0.365243	0.13997	-0.920329	-1.34019	-0.50296	0.802243	0.321616	-0.368887	0.783344	0.580357	-0.222615	0.357077	0	0	0	1
132	-0.356205	0.153503	-0.921713	-1.39704	-0.507404	0.796534	0.328747	-0.356651	0.78464	0.584782	-0.205841	0.323577	0	0	0	1
133	-0.338405	0.175644	-0.924463	-1.45489	-0.512023	0.789888	0.337504	-0.346621	0.789503	0.587559	-0.177368	0.298242	0	0	0	1
134	-0.322228	0.184613	-0.928487	-1.50992	-0.507278	0.794424	0.334006	-0.345328	0.799274	0.578626	-0.162335	0.277932	0	0	0	1
135	-0.310935	0.185119	-0.932229	-1.55919	-0.49576	0.80525	0.32526	-0.350081	0.810889	0.563297	-0.158606	0.263782	0	0	0	1
136	-0.288001	0.181856	-0.940204	-1.60892	-0.48551	0.818538	0.307043	-0.351101	0.825431	0.544907	-0.147446	0.253956	0	0	0	1
137	-0.262999	0.173905	-0.948993	-1.6559	-0.479421	0.830029	0.284969	-0.357193	0.837249	0.529914	-0.134923	0.250044	0	0	0	1
138	-0.239851	0.165496	-0.9566	-1.70521	-0.487063	0.831862	0.266038	-0.359442	0.839787	0.529733	-0.118916	0.249028	0	0	0	1
139	-0.217801	0.146596	-0.964921	-1.75368	-0.502252	0.830865	0.239597	-0.362249	0.836843	0.536818	-0.107335	0.249326	0	0	0	1
140	-0.204146	0.12393	-0.971064	-1.80567	-0.51323	0.831151	0.21397	-0.369854	0.833618	0.54206	-0.106072	0.250654	0	0	0	1
141	-0.200015	0.108667	-0.973748	-1.8603	-0.512664	0.835323	0.198524	-0.393592	0.834967	0.538913	-0.111367	0.244452	0	0	0	1
142	-0.203558	0.137538	-0.969354	-1.9163	-0.508026	0.831526	0.224665	-0.423397	0.836943	0.53819	-0.0993909	0.237093	0	0	0	1
143	-0.199834	0.165606	-0.965734	-1.96406	-0.494843	0.833628	0.245347	-0.44816	0.845693	0.526915	-0.084638	0.22933	0	0	0	1
144	-0.190189	0.160227	-0.968584	-2.00498	-0.486725	0.841418	0.234763	-0.471341	0.8526	0.516084	-0.0820425	0.216737	0	0	0	1
145	-0.183065	0.143563	-0.972562	-2.0422	-0.492107	0.843036	0.217073	-0.484296	0.851069	0.518343	-0.0836819	0.200963	0	0	0	1
146	-0.191435	0.127088	-0.973243	-2.07491	-0.502414	0.839136	0.2084	-0.490024	0.843168	0.528866	-0.096789	0.180912	0	0	0	1
147	-0.204469	0.117014	-0.971854	-2.10687	-0.508363	0.835749	0.207581	-0.491486	0.836516	0.536498	-0.111399	0.16381	0	0	0	1
148	-0.214667	0.108692	-0.97062	-2.14117	-0.51028	0.834886	0.206348	-0.485151	0.832786	0.539585	-0.123759	0.148976	0	0	0	1
149	-0.217998	0.101793	-0.970626	-2.17529	-0.508055	0.837322	0.201919	-0.479728	0.833281	0.53715	-0.130818	0.13107	0	0	0	1
150	-0.213841	0.0897564	-0.972736	-2.20866	-0.515445	0.835501	0.190406	-0.481136	0.829812	0.542109	-0.1324	0.104596	0	0	0	1
151	-0.199113	0.0941998	-0.975439	-2.25039	-0.535249	0.823332	0.188769	-0.487732	0.820891	0.559689	-0.113516	0.0719691	0	0	0	1
152	-0.182359	0.109145	-0.977155	-2.28999	-0.550082	0.812408	0.1934	-0.495291	0.814957	0.572783	-0.088111	0.0448429	0	0	0	1
153	-0.178444	0.110006	-0.977781	-2.32551	-0.541133	0.818983	0.190897	-0.511344	0.821786	0.563174	-0.086615	0.0256993	0	0	0	1
154	-0.196711	0.104052	-0.974925	-2.35899	-0.521304	0.831055	0.193881	-0.529384	0.83039	0.54637	-0.109235	0.0068218	0	0	0	1
155	-0.202521	0.0981932	-0.974343	-2.3931	-0.500851	0.844597	0.189221	-0.546198	0.841507	0.526322	-0.121868	-0.00582694	0	0	0	1
156	-0.185877	0.0887442	-0.978557	-2.43473	-0.485476	0.857565	0.169988	-0.554324	0.854262	0.506663	-0.116318	-0.0124662	0	0	0	1
157	-0.176231	0.0769342	-0.981338	-2.47659	-0.478346	0.864619	0.153686	-0.559163	0.860307	0.496503	-0.115571	-0.019723	0	0	0	1
158	-0.177262	0.0695303	-0.981704	-2.51909	-0.485225	0.861662	0.148643	-0.565405	0.856233	0.502696	-0.119003	-0.0265057	0	0	0	1
159	-0.182747	0.0755254	-0.980255	-2.5683	-0.4988	0.852075	0.15864	-0.57944	0.847232	0.517942	-0.118042	-0.039472	0	0	0	1
160	-0.191091	0.0943816	-0.977024	-2.61624	-0.513059	0.838968	0.181392	-0.601895	0.836812	0.535933	-0.111896	-0.0558164	0	0	0	1
161	-0.194203	0.131777	-0.97207	-2.66409	-0.513934	0.830386	0.215245	-0.620249	0.835558	0.541381	-0.0935391	-0.0735061	0	0	0	1
162	-0.201864	0.147578	-0.968231	-2.70512	-0.512414	0.826576	0.232818	-0.633166	0.834676	0.543132	-0.0912348	-0.0919276	0	0	0	1
163	-0.213984	0.158051	-0.963966	-2.74233	-0.512036	0.82224	0.248477	-0.640253	0.831884	0.546755	-0.0950182	-0.111967	0	0	0	1
164	-0.221112	0.161618	-0.961764	-2.77727	-0.518668	0.815653	0.256308	-0.64186	0.82589	0.555508	-0.0965242	-0.131732	0	0	0	1
165	-0.220692	0.154738	-0.962991	-2.80765	-0.523349	0.814376	0.250795	-0.642006	0.823044	0.559328	-0.0987438	-0.149382	0	0	0	1
166	-0.223756	0.134595	-0.965307	-2.83328	-0.523661	0.818718	0.23554	-0.641043	0.822017	0.558197	-0.112711	-0.168612	0	0	0	1
167	-0.223295	0.110066	-0.968517	-2.85586	-0.51002	0.833548	0.212315	-0.64669	0.830674	0.541372	-0.129991	-0.190773	0	0	0	1
168	-0.220856	0.0688654	-0.972872	-2.87415	-0.497311	0.850134	0.173074	-0.667417	0.83899	0.522044	-0.15351	-0.22254	0	0	0	1
169	-0.219135	0.0487264	-0.974477	-2.89583	-0.501079	0.851362	0.15525	-0.687244	0.837197	0.522311	-0.162148	-0.257121	0	0	0	1
170	-0.212103	0.0275227	-0.97686	-2.92034	-0.516436	0.845465	0.135953	-0.705085	0.829642	0.533321	-0.165112	-0.286909	0	0	0	1
171	-0.204671	0.00690258	-0.978807	-2.94757	-0.524504	0.843521	0.115623	-0.72268	0.826442	0.537052	-0.169023	-0.3094	0	0	0	1
172	-0.188014	0.00893502	-0.982126	-2.98204	-0.519032	0.848022	0.107076	-0.73179	0.833821	0.529886	-0.154802	-0.322343	0	0	0	1
173	-0.160256	0.0108617	-0.987016	-3.02141	-0.506487	0.857361	0.09167	-0.73743	0.847225	0.514601	-0.131896	-0.326018	0	0	0	1
174	-0.13547	0.0181591	-0.990615	-3.05939	-0.493015	0.866024	0.0832966	-0.744238	0.859409	0.499672	-0.108367	-0.326463	0	0	0	1
175	-0.127818	0.035122	-0.991176	-3.10221	-0.491024	0.866059	0.0940089	-0.753152	0.861718	0.498707	-0.093452	-0.329958	0	0	0	1
176	-0.131825	0.0546018	-0.989768	-3.14549	-0.495708	0.861038	0.113522	-0.771942	0.858427	0.505601	-0.0864394	-0.339948	0	0	0	1
177	-0.154023	0.0775466	-0.98502	-3.18561	-0.501084	0.853078	0.145512	-0.793398	0.851582	0.515989	-0.0925363	-0.351012	0	0	0	1
178	-0.186512	0.0974455	-0.977608	-3.21813	-0.504668	0.844247	0.180435	-0.811775	0.842926	0.527021	-0.108284	-0.370212	0	0	0	1
179	-0.218569	0.105374	-0.970115	-3.24747	-0.512405	0.83367	0.206	-0.830387	0.830463	0.542117	-0.12822	-0.391365	0	0	0	1
180	-0.238051	0.114339	-0.964499	-3.27906	-0.524455	0.820694	0.226734	-0.841027	0.817483	0.559811	-0.135401	-0.412441	0	0	0	1
181	-0.256614	0.115689	-0.959565	-3.31155	-0.531311	0.812459	0.24004	-0.844047	0.807377	0.571426	-0.147021	-0.436772	0	0	0	1
182	-0.291038	0.122759	-0.948803	-3.34647	-0.516024	0.814964	0.263729	-0.845269	0.805615	0.56636	-0.17384	-0.454323	0	0	0	1
183	-0.335972	0.132708	-0.932476	-3.37784	-0.489092	0.821499	0.293134	-0.842181	0.80493	0.554552	-0.211094	-0.474287	0	0	0	1
184	-0.371904	0.140852	-0.917523	-3.40951	-0.473215	0.821575	0.317933	-0.8455	0.798596	0.552426	-0.238894	-0.499272	0	0	0	1
185	-0.386985	0.147952	-0.910139	-3.44402	-0.480778	0.80988	0.336077	-0.854252	0.786826	0.567631	-0.242279	-0.537547	0	0	0	1
186	-0.378206	0.164065	-0.911067	-3.48021	-0.504475	0.788665	0.351443	-0.863723	0.776186	0.592528	-0.215511	-0.572819	0	0	0	1
187	-0.355803	0.158798	-0.920971	-3.51016	-0.523651	0.782358	0.337202	-0.881538	0.774076	0.602245	-0.19521	-0.599762	0	0	0	1
188	-0.32235	0.170425	-0.931153	-3.54689	-0.531374	0.781488	0.326985	-0.898665	0.783411	0.600194	-0.161354	-0.620147	0	0	0	1
189	-0.282862	0.178179	-0.942466	-3.58444	-0.532783	0.787877	0.308857	-0.909159	0.797579	0.589493	-0.127929	-0.633021	0	0	0	1
190	-0.247163	0.165445	-0.954745	-3.61685	-0.533313	0.799421	0.276592	-0.918157	0.809005	0.577541	-0.109353	-0.640444	0	0	0	1
191	-0.226901	0.149151	-0.962429	-3.65234	-0.529207	0.810703	0.250403	-0.922305	0.817592	0.56614	-0.105017	-0.64098	0	0	0	1
192	-0.214804	0.12803	-0.968229	-3.68834	-0.524798	0.820956	0.224984	-0.92747	0.823678	0.556453	-0.109155	-0.642274	0	0	0	1
193	-0.205689	0.114994	-0.971838	-3.72632	-0.520336	0.828211	0.208128	-0.94213	0.82882	0.548492	-0.110519	-0.643386	0	0	0	1
194	-0.201437	0.095167	-0.974867	-3.76255	-0.518336	0.834136	0.188532	-0.974494	0.831114	0.543286	-0.118697	-0.651135	0	0	0	1
195	-0.197113	0.0864631	-0.976561	-3.7998	-0.511253	0.840871	0.177643	-1.00995	0.836521	0.534285	-0.121542	-0.663268	0	0	0	1
196	-0.202308	0.0619397	-0.977361	-3.82972	-0.504525	0.848775	0.158225	-1.03808	0.83936	0.525114	-0.140464	-0.6814	0	0	0	1
197	-0.219433	0.0291504	-0.975192	-3.85556	-0.501777	0.853848	0.138431	-1.05886	0.836701	0.519705	-0.172736	-0.700577	0	0	0	1
198	-0.230598	0.00206998	-0.973047	-3.88798	-0.500203	0.857502	0.120365	-1.07164	0.834639	0.514477	-0.196703	-0.711201	0	0	0	1
199	-0.232403	-0.0213385	-0.972385	-3.92254	-0.501891	0.859001	0.101103	-1.07855	0.833123	0.511529	-0.210344	-0.721223	0	0	0	1
200	-0.230282	-0.0333232	-0.972553	-3.95927	-0.499143	0.861973	0.0886532	-1.08026	0.83536	0.505858	-0.21513	-0.730008	0	0	0	1
201	-0.223557	-0.0296838	-0.974239	-3.9989	-0.495658	0.864108	0.0874097	-1.07656	0.839253	0.502431	-0.207891	-0.74528	0	0	0	1
202	-0.216768	-0.027336	-0.97584	-4.03742	-0.495802	0.864174	0.0859269	-1.08167	0.840947	0.50245	-0.200878	-0.766204	0	0	0	1
203	-0.207872	-0.0218147	-0.977913	-4.0815	-0.508493	0.856456	0.0889833	-1.09337	0.835598	0.515759	-0.189125	-0.801677	0	0	0	1
204	-0.191686	-0.00108071	-0.981456	-4.12061	-0.520767	0.84773	0.100776	-1.11036	0.8319	0.530427	-0.163061	-0.833454	0	0	0	1
205	-0.178786	-0.00913144	-0.983846	-4.15525	-0.524755	0.846744	0.0875001	-1.12918	0.832267	0.531922	-0.156177	-0.856676	0	0	0	1
206	-0.170773	-0.00661209	-0.985288	-4.19801	-0.521571	0.848993	0.0847026	-1.14636	0.835943	0.528362	-0.148434	-0.873546	0	0	0	1
207	-0.166475	-0.00492563	-0.986033	-4.23954	-0.514758	0.853343	0.0826455	-1.1578	0.841017	0.521327	-0.144596	-0.882407	0	0	0	1
208	-0.170069	-0.0164572	-0.985295	-4.28107	-0.504005	0.860642	0.0726199	-1.16655	0.846791	0.508944	-0.154663	-0.882564	0	0	0	1
209	-0.176441	-0.0298684	-0.983858	-4.32864	-0.491548	0.868656	0.0617813	-1.16828	0.852789	0.494514	-0.167949	-0.878271	0	0	0	1
210	-0.177187	-0.036433	-0.983503	-4.37936	-0.47975	0.875743	0.0539903	-1.17316	0.859328	0.481401	-0.172649	-0.86993	0	0	0	1
211	-0.180954	-0.0338781	-0.982908	-4.43585	-0.475881	0.877637	0.0573603	-1.18042	0.860693	0.478127	-0.174934	-0.860705	0	0	0	1
212	-0.189862	-0.0141605	-0.981709	-4.49655	-0.474686	0.876588	0.07916	-1.18998	0.859433	0.481033	-0.173153	-0.858039	0	0	0	1
213	-0.194381	0.0478687	-0.979757	-4.56036	-0.465914	0.874446	0.135159	-1.19546	0.863215	0.482755	-0.147673	-0.856958	0	0	0	1
214	-0.199562	0.101971	-0.974565	-4.62179	-0.44795	0.875069	0.183287	-1.20402	0.871502	0.473134	-0.128953	-0.862937	0	0	0	1
215	-0.224366	0.147182	-0.963326	-4.68186	-0.451488	0.860336	0.236602	-1.20321	0.863608	0.488016	-0.126579	-0.877232	0	0	0	1
216	-0.252423	0.18109	-0.95052	-4.7389	-0.466757	0.837698	0.283549	-1.18973	0.847597	0.515237	-0.126928	-0.890354	0	0	0	1
217	-0.266168	0.194048	-0.944193	-4.79938	-0.480965	0.822145	0.304549	-1.17229	0.835361	0.535185	-0.125498	-0.90452	0	0	0	1
218	-0.273936	0.195878	-0.94159	-4.85766	-0.498307	0.808469	0.313157	-1.15323	0.822587	0.554986	-0.123861	-0.917286	0	0	0	1
219	-0.271155	0.196783	-0.942206	-4.92118	-0.51415	0.797915	0.314614	-1.13257	0.81371	0.569744	-0.115183	-0.933094	0	0	0	1
220	-0.261497	0.200965	-0.944051	-4.99092	-0.527503	0.789337	0.314146	-1.11941	0.808307	0.580138	-0.1004	-0.959592	0	0	0	1
221	-0.251785	0.230813	-0.939856	-5.06447	-0.550018	0.764931	0.335203	-1.106	0.796294	0.601337	-0.0656468	-0.988522	0	0	0	1
222	-0.22816	0.252978	-0.940183	-5.13029	-0.570111	0.748077	0.33964	-1.09891	0.789251	0.613501	-0.0264555	-1.01256	0	0	0	1
223	-0.213261	0.252317	-0.943852	-5.18732	-0.572073	0.750891	0.329992	-1.10348	0.791993	0.610326	-0.0157919	-1.02922	0	0	0	1
224	-0.198276	0.253379	-0.946829	-5.23986	-0.560075	0.763473	0.321597	-1.10898	0.804365	0.59406	-0.00946707	-1.04206	0	0	0	1
225	-0.173545	0.253659	-0.951598	-5.29172	-0.547828	0.778099	0.30732	-1.11602	0.818393	0.574646	0.00392622	-1.04761	0	0	0	1
226	-0.150389	0.251489	-0.956105	-5.34333	-0.539577	0.789481	0.292533	-1.12349	0.828396	0.559887	0.0169682	-1.04994	0	0	0	1
227	-0.140122	0.237656	-0.96119	-5.3939	-0.537587	0.79696	0.27542	-1.12734	0.831484	0.555315	0.0160891	-1.04922	0	0	0	1
228	-0.139918	0.218773	-0.965692	-5.44286	-0.535923	0.80335	0.259645	-1.13086	0.832592	0.553866	0.00484274	-1.04546	0	0	0	1
229	-0.139674	0.185018	-0.972759	-5.49354	-0.528167	0.817048	0.231239	-1.14355	0.837574	0.546078	-0.0163999	-1.04329	0	0	0	1
230	-0.143488	0.156748	-0.97716	-5.54138	-0.51273	0.832754	0.208873	-1.17718	0.846475	0.53099	-0.039121	-1.04731	0	0	0	1
231	-0.156567	0.157349	-0.975053	-5.59566	-0.514426	0.829754	0.216504	-1.21606	0.843121	0.535489	-0.0489675	-1.06093	0	0	0	1
232	-0.166788	0.136767	-0.976461	-5.63887	-0.51248	0.834029	0.204353	-1.2582	0.842345	0.534501	-0.0690159	-1.07696	0	0	0	1
233	-0.175109	0.107925	-0.978616	-5.68228	-0.500684	0.846087	0.1829	-1.29331	0.847733	0.522005	-0.0941214	-1.09571	0	0	0	1
234	-0.181135	0.0994692	-0.978415	-5.72867	-0.491957	0.852287	0.177723	-1.31965	0.851568	0.51353	-0.105444	-1.11262	0	0	0	1
235	-0.184641	0.0965834	-0.978049	-5.77737	-0.487958	0.854829	0.176534	-1.3326	0.853114	0.509843	-0.110708	-1.12344	0	0	0	1
236	-0.195038	0.0804879	-0.977488	-5.82671	-0.488245	0.856396	0.167937	-1.33203	0.850633	0.510008	-0.127732	-1.12947	0	0	0	1
237	-0.207377	0.0543404	-0.976751	-5.86951	-0.488086	0.859556	0.151448	-1.33121	0.847801	0.508145	-0.15173	-1.13833	0	0	0	1
238	-0.211364	0.0296458	-0.976958	-5.9131	-0.492893	0.859906	0.132731	-1.33607	0.844027	0.50959	-0.167141	-1.15782	0	0	0	1
239	-0.19897	0.0167174	-0.979863	-5.95603	-0.509815	0.852144	0.118061	-1.35383	0.836958	0.52304	-0.161029	-1.18804	0	0	0	1
240	-0.171504	0.0434998	-0.984223	-6.00667	-0.525744	0.840839	0.128775	-1.37035	0.833175	0.539535	-0.121337	-1.21233	0	0	0	1
241	-0.156708	0.0602826	-0.985804	-6.05663	-0.532718	0.835332	0.135764	-1.38719	0.831658	0.54643	-0.0987897	-1.23198	0	0	0	1
242	-0.15363	0.0834277	-0.9846	-6.1049	-0.536942	0.829432	0.154061	-1.39801	0.829512	0.552342	-0.0826303	-1.2461	0	0	0	1
243	-0.150313	0.0997486	-0.983593	-6.15534	-0.539186	0.825639	0.166129	-1.40657	0.828664	0.555311	-0.0703215	-1.25214	0	0	0	1
244	-0.148888	0.106322	-0.983122	-6.2019	-0.536158	0.826698	0.170604	-1.41934	0.830883	0.552509	-0.0660799	-1.25495	0	0	0	1
245	-0.152155	0.110531	-0.982157	-6.24348	-0.538115	0.824265	0.176126	-1.43649	0.829024	0.555311	-0.0659377	-1.25764	0	0	0	1
246	-0.167804	0.101672	-0.980563	-6.27889	-0.536927	0.824765	0.177402	-1.46776	0.826771	0.55626	-0.0838083	-1.26725	0	0	0	1
247	-0.200377	0.107105	-0.973847	-6.31491	-0.534167	0.821322	0.200239	-1.49736	0.821289	0.56032	-0.107362	-1.28192	0	0	0	1
248	-0.231352	0.12077	-0.965345	-6.34904	-0.522049	0.821894	0.227937	-1.5241	0.820939	0.556691	-0.127099	-1.30008	0	0	0	1
249	-0.255654	0.116788	-0.959688	-6.37749	-0.51146	0.826043	0.236773	-1.54581	0.820396	0.551374	-0.151448	-1.32114	0	0	0	1
250	-0.275247	0.111184	-0.954923	-6.40887	-0.515172	0.821576	0.244151	-1.55487	0.811687	0.559152	-0.168858	-1.34219	0	0	0	1
251	-0.286484	0.105247	-0.952287	-6.44342	-0.519621	0.817997	0.246727	-1.55298	0.804935	0.565512	-0.179655	-1.35721	0	0	0	1
252	-0.289381	0.108445	-0.951051	-6.48091	-0.516563	0.818775	0.250539	-1.54562	0.805866	0.56378	-0.180919	-1.36962	0	0	0	1
253	-0.284511	0.12429	-0.950582	-6.51855	-0.512909	0.817975	0.260465	-1.53893	0.809925	0.561667	-0.168973	-1.38949	0	0	0	1
254	-0.272915	0.131015	-0.953075	-6.55144	-0.51953	0.813733	0.260629	-1.54818	0.809695	0.566281	-0.154014	-1.42125	0	0	0	1
255	-0.255186	0.139553	-0.956768	-6.58387	-0.535392	0.803587	0.260009	-1.56445	0.805131	0.578596	-0.130349	-1.4575	0	0	0	1
256	-0.240797	0.134759	-0.961175	-6.6122	-0.540486	0.803935	0.248118	-1.58618	0.806158	0.579248	-0.120749	-1.49076	0	0	0	1
257	-0.236165	0.116426	-0.964713	-6.63699	-0.540095	0.809588	0.229922	-1.60587	0.807789	0.575336	-0.128315	-1.51998	0	0	0	1
258	-0.236338	0.109743	-0.965454	-6.66583	-0.541954	0.809807	0.224718	-1.61159	0.806492	0.576341	-0.131913	-1.54301	0	0	0	1
259	-0.239936	0.105626	-0.965025	-6.69491	-0.541866	0.810228	0.223409	-1.61453	0.805488	0.576518	-0.137168	-1.55907	0	0	0	1
260	-0.240086	0.10131	-0.965451	-6.72657	-0.535075	0.816008	0.218689	-1.61337	0.809971	0.569093	-0.141704	-1.57055	0	0	0	1
261	-0.243593	0.0972935	-0.964985	-6.76348	-0.5343	0.816904	0.217238	-1.61099	0.809436	0.568509	-0.147008	-1.5806	0	0	0	1
262	-0.254868	0.0926079	-0.962531	-6.80141	-0.547997	0.806296	0.22268	-1.61197	0.796707	0.584218	-0.15475	-1.5939	0	0	0	1
263	-0.264616	0.0763123	-0.96133	-6.83934	-0.555384	0.802888	0.21661	-1.63028	0.78837	0.591226	-0.170074	-1.61164	0	0	0	1
264	-0.276552	0.080137	-0.957652	-6.87673	-0.554581	0.800529	0.227142	-1.65655	0.78483	0.593912	-0.176945	-1.63383	0	0	0	1
265	-0.280727	0.106351	-0.953877	-6.9155	-0.543974	0.801176	0.249418	-1.68469	0.790749	0.588903	-0.167059	-1.65611	0	0	0	1
266	-0.27406	0.107001	-0.955741	-6.94527	-0.538119	0.806594	0.24461	-1.71069	0.797069	0.581341	-0.163476	-1.67847	0	0	0	1
267	-0.274216	0.0939275	-0.95707	-6.97214	-0.545556	0.804378	0.235253	-1.72498	0.791943	0.586646	-0.169331	-1.70009	0	0	0	1
268	-0.284022	0.086775	-0.954883	-7.00161	-0.543929	0.805555	0.234992	-1.72624	0.789603	0.586132	-0.181596	-1.71669	0	0	0	1
269	-0.301938	0.0830449	-0.949704	-7.03328	-0.525817	0.816458	0.238566	-1.72529	0.795204	0.571402	-0.202853	-1.73032	0	0	0	1
270	-0.310093	0.0860484	-0.946804	-7.06877	-0.499009	0.83295	0.239134	-1.72194	0.809218	0.546617	-0.215353	-1.74907	0	0	0	1
271	-0.29875	0.118424	-0.946955	-7.10643	-0.476891	0.840971	0.255622	-1.71717	0.826634	0.527961	-0.194765	-1.77521	0	0	0	1
272	-0.275354	0.114469	-0.954504	-7.13898	-0.480475	0.843595	0.239775	-1.72377	0.832661	0.524638	-0.177288	-1.81396	0	0	0	1
273	-0.271053	0.120496	-0.954993	-7.17006	-0.501298	0.829296	0.246918	-1.72835	0.821724	0.545664	-0.164378	-1.85353	0	0	0	1
274	-0.268649	0.121025	-0.955605	-7.19624	-0.527189	0.811824	0.251025	-1.72994	0.806163	0.571222	-0.154293	-1.88682	0	0	0	1
275	-0.254008	0.100641	-0.961952	-7.21666	-0.5411	0.809579	0.227579	-1.73417	0.80168	0.578319	-0.151183	-1.91153	0	0	0	1
276	-0.235747	0.0951517	-0.967145	-7.23602	-0.544345	0.811493	0.212525	-1.74004	0.805054	0.576563	-0.139512	-1.92647	0	0	0	1
277	-0.220011	0.0759483	-0.972536	-7.25524	-0.53954	0.821117	0.186181	-1.74574	0.812706	0.565684	-0.139678	-1.93574	0	0	0	1
278	-0.214291	0.0363158	-0.976094	-7.27272	-0.525274	0.838227	0.146505	-1.75877	0.823509	0.544112	-0.160549	-1.93956	0	0	0	1
279	-0.212461	-0.00900445	-0.977128	-7.29667	-0.506475	0.856173	0.102235	-1.77532	0.83567	0.516612	-0.186464	-1.93839	0	0	0	1
280	-0.222153	-0.0497698	-0.973741	-7.32161	-0.491053	0.8685	0.06764	-1.79583	0.842327	0.493185	-0.217379	-1.93674	0	0	0	1
281	-0.240627	-0.0745579	-0.96775	-7.35287	-0.477075	0.87738	0.0510274	-1.82894	0.84528	0.473968	-0.246691	-1.94032	0	0	0	1
282	-0.277632	-0.076195	-0.957661	-7.39421	-0.471418	0.879384	0.0667	-1.85631	0.83707	0.469977	-0.280065	-1.95385	0	0	0	1
283	-0.312375	-0.0573352	-0.948227	-7.43649	-0.471361	0.875986	0.102314	-1.88324	0.824767	0.478917	-0.300662	-1.96743	0	0	0	1
284	-0.330803	-0.042989	-0.94272	-7.4878	-0.466128	0.876038	0.123617	-1.9023	0.820545	0.480321	-0.309834	-1.98352	0	0	0	1
285	-0.339222	-0.0276687	-0.940299	-7.53448	-0.462468	0.875339	0.141083	-1.91763	0.819177	0.482717	-0.30973	-2.00169	0	0	0	1
286	-0.337479	-0.0159845	-0.941197	-7.57547	-0.463792	0.872899	0.151474	-1.92428	0.819149	0.487639	-0.301999	-2.0241	0	0	0	1
287	-0.335907	-0.0023736	-0.941892	-7.62933	-0.461093	0.872394	0.162241	-1.91505	0.821316	0.488798	-0.294138	-2.04208	0	0	0	1
288	-0.333538	0.00937489	-0.94269	-7.67461	-0.465256	0.868056	0.173247	-1.90749	0.819932	0.496377	-0.285168	-2.06179	0	0	0	1
289	-0.322933	0.0160874	-0.946285	-7.71596	-0.471764	0.864045	0.175685	-1.89698	0.820459	0.503158	-0.271439	-2.08803	0	0	0	1
290	-0.304941	0.01213	-0.952294	-7.75834	-0.479051	0.862258	0.164384	-1.8947	0.823117	0.506324	-0.257127	-2.12166	0	0	0	1
291	-0.280703	0.00764049	-0.959764	-7.79961	-0.497311	0.854109	0.152249	-1.90547	0.820906	0.520038	-0.235952	-2.16436	0	0	0	1
292	-0.265132	0.0176001	-0.964051	-7.84762	-0.514206	0.84321	0.15681	-1.91234	0.815658	0.537296	-0.214512	-2.20517	0	0	0	1
293	-0.268683	0.00764595	-0.963198	-7.88445	-0.514457	0.844258	0.150209	-1.92829	0.814336	0.535883	-0.222905	-2.23889	0	0	0	1
294	-0.287351	-0.00916771	-0.957781	-7.92426	-0.509071	0.84849	0.144609	-1.94405	0.811342	0.529132	-0.248482	-2.26971	0	0	0	1
295	-0.3078	-0.0106305	-0.951392	-7.96753	-0.504335	0.849724	0.153671	-1.94999	0.806787	0.52712	-0.266907	-2.28762	0	0	0	1
296	-0.307207	-0.00518597	-0.951629	-8.02107	-0.496228	0.854146	0.155539	-1.93966	0.812023	0.520007	-0.264973	-2.30123	0	0	0	1
297	-0.294422	-0.0148253	-0.955561	-8.08357	-0.499767	0.854652	0.140726	-1.92388	0.814585	0.51899	-0.259037	-2.30667	0	0	0	1
298	-0.277136	-0.022182	-0.960575	-8.15234	-0.510627	0.850269	0.127686	-1.90266	0.813914	0.525882	-0.246967	-2.31762	0	0	0	1
299	-0.261127	-0.0163148	-0.965166	-8.23268	-0.517024	0.846711	0.125569	-1.89374	0.815168	0.531803	-0.229535	-2.32489	0	0	0	1
300	-0.264028	-0.00828961	-0.96448	-8.31748	-0.518586	0.844348	0.134707	-1.89849	0.813239	0.535732	-0.22723	-2.3384	0	0	0	1
301	-0.278435	0.0331482	-0.959883	-8.40031	-0.503505	0.846028	0.175269	-1.91023	0.817898	0.532107	-0.218874	-2.35656	0	0	0	1
302	-0.300694	0.0651429	-0.951493	-8.48024	-0.478701	0.852579	0.209652	-1.91803	0.824881	0.518522	-0.225182	-2.37192	0	0	0	1
303	-0.318775	0.0759093	-0.944786	-8.54591	-0.476748	0.848675	0.229044	-1.91927	0.819203	0.523439	-0.234346	-2.39716	0	0	0	1
304	-0.325025	0.0903213	-0.941383	-8.6062	-0.48777	0.836798	0.248696	-1.91713	0.810209	0.540011	-0.227924	-2.4252	0	0	0	1
305	-0.325534	0.0866766	-0.941549	-8.6677	-0.502679	0.827541	0.249979	-1.90714	0.800838	0.554674	-0.225822	-2.4514	0	0	0	1
306	-0.329571	0.0666792	-0.941773	-8.72872	-0.512676	0.824988	0.23782	-1.88791	0.792809	0.561203	-0.237708	-2.47319	0	0	0	1
307	-0.338097	0.0540974	-0.939555	-8.7883	-0.511462	0.827481	0.231693	-1.86932	0.789998	0.558882	-0.2521	-2.49783	0	0	0	1
308	-0.341777	0.0431294	-0.938791	-8.85074	-0.501331	0.83657	0.220948	-1.85383	0.794894	0.54616	-0.264298	-2.52634	0	0	0	1
309	-0.343968	0.0316931	-0.938446	-8.91696	-0.492288	0.844975	0.208975	-1.84606	0.799586	0.533866	-0.275043	-2.55986	0	0	0	1
310	-0.352273	0.0412634	-0.934987	-8.98169	-0.487657	0.844598	0.221008	-1.84438	0.798808	0.533809	-0.277407	-2.59544	0	0	0	1
311	-0.357241	0.0357459	-0.933328	-9.04287	-0.480921	0.849584	0.216616	-1.84996	0.800684	0.526241	-0.286315	-2.62422	0	0	0	1
312	-0.360503	0.0366274	-0.932039	-9.10627	-0.468283	0.85707	0.214808	-1.85659	0.80669	0.513897	-0.291824	-2.64699	0	0	0	1
313	-0.358949	0.0403127	-0.932486	-9.17465	-0.456761	0.863673	0.213163	-1.85632	0.813956	0.502438	-0.291602	-2.66363	0	0	0	1
314	-0.359429	0.0386974	-0.93237	-9.2452	-0.449973	0.868122	0.209496	-1.85345	0.817518	0.49484	-0.294616	-2.67345	0	0	0	1
315	-0.359645	0.0403121	-0.932218	-9.31593	-0.441012	0.873091	0.207896	-1.84838	0.822292	0.485888	-0.296225	-2.67579	0	0	0	1
316	-0.3613	0.0362887	-0.931743	-9.39039	-0.43876	0.875091	0.204219	-1.84447	0.822771	0.482596	-0.300248	-2.68041	0	0	0	1
317	-0.361596	0.0200092	-0.93212	-9.46436	-0.440436	0.877515	0.189695	-1.85127	0.821745	0.479132	-0.308493	-2.68557	0	0	0	1
318	-0.364959	0.0225641	-0.93075	-9.53801	-0.437843	0.878098	0.192971	-1.86776	0.821644	0.477949	-0.31059	-2.69888	0	0	0	1
319	-0.367166	0.0360238	-0.929457	-9.60936	-0.434405	0.87694	0.205592	-1.88511	0.822485	0.479247	-0.306334	-2.71209	0	0	0	1
320	-0.371251	0.0338834	-0.927914	-9.6693	-0.439149	0.874096	0.207618	-1.89994	0.81812	0.484571	-0.309629	-2.73094	0	0	0	1
321	-0.37774	0.0450947	-0.924813	-9.7323	-0.436764	0.872028	0.220917	-1.90442	0.816425	0.487375	-0.309704	-2.75075	0	0	0	1
322	-0.383345	0.0560028	-0.921906	-9.79422	-0.444562	0.863736	0.237326	-1.90599	0.809574	0.500823	-0.306213	-2.76312	0	0	0	1
