2651	0.99987	0.00967806	-0.012876	0.0232902	-0.00944738	0.999796	0.0178577	0.000113502	0.0130462	-0.0177337	0.999758	0.107068	0	0	0	1
2652	0.999743	0.0161976	-0.0158434	0.0353964	-0.0158076	0.999576	0.0244334	0.00411118	0.0162325	-0.0241767	0.999576	0.211006	0	0	0	1
2653	0.999584	0.0286389	-0.00325513	0.0461611	-0.0285514	0.999296	0.0243477	-0.0033034	0.00395013	-0.0242447	0.999698	0.321712	0	0	0	1
2654	0.999399	0.0298427	0.0176287	0.0547797	-0.0305131	0.99877	0.0390696	-0.0156145	-0.0164411	-0.039584	0.999081	0.438876	0	0	0	1
2655	0.998118	0.0527548	0.0312773	0.0609921	-0.0543388	0.997159	0.0521637	-0.0433067	-0.0284366	-0.053765	0.998149	0.539007	0	0	0	1
2656	0.997273	0.0624167	0.0393743	0.0787157	-0.0650652	0.995421	0.0700184	-0.0579696	-0.0348237	-0.0723894	0.996768	0.645274	0	0	0	1
2657	0.997345	0.0624364	0.0374727	0.102529	-0.0656012	0.99376	0.0902042	-0.0654388	-0.0316068	-0.092423	0.995218	0.748926	0	0	0	1
2658	0.997967	0.0544856	0.0330543	0.122781	-0.0573171	0.994124	0.0918219	-0.0629201	-0.0278572	-0.0935298	0.995227	0.845252	0	0	0	1
2659	0.998159	0.0510498	0.0327422	0.153213	-0.0534224	0.995658	0.0762281	-0.0609481	-0.0287086	-0.0778369	0.996553	0.960747	0	0	0	1
2660	0.998616	0.0439721	0.0288589	0.179209	-0.0457133	0.996983	0.062739	-0.0567081	-0.026013	-0.0639714	0.997613	1.05914	0	0	0	1
2661	0.999507	0.0312574	0.00307743	0.210115	-0.0313969	0.996989	0.0709021	-0.0690656	-0.000851956	-0.0709637	0.997479	1.1611	0	0	0	1
2662	0.99978	0.00239818	-0.0208586	0.220607	-0.000512158	0.995945	0.0899583	-0.090619	0.0209898	-0.0899278	0.995727	1.27068	0	0	0	1
2663	0.998434	-0.0312375	-0.046414	0.250304	0.0357373	0.994394	0.0995165	-0.115382	0.0430451	-0.101019	0.993953	1.37471	0	0	0	1
2664	0.997541	-0.0331149	-0.0617654	0.263783	0.0398202	0.993056	0.110699	-0.124649	0.0576707	-0.112886	0.991933	1.48015	0	0	0	1
2665	0.99786	-0.0127893	-0.0641198	0.266701	0.0197487	0.993834	0.109108	-0.128937	0.062329	-0.110141	0.99196	1.58106	0	0	0	1
2666	0.997717	0.00985868	-0.0668138	0.271788	-0.00325638	0.99516	0.0982135	-0.117901	0.0674586	-0.0977717	0.99292	1.68702	0	0	0	1
2667	0.997896	0.0232813	-0.0605052	0.269447	-0.0179126	0.995977	0.0878057	-0.103658	0.062306	-0.0865372	0.994298	1.77943	0	0	0	1
2668	0.998932	0.0380159	-0.026264	0.286995	-0.0358737	0.99633	0.0777101	-0.107491	0.0291218	-0.0766849	0.99663	1.88715	0	0	0	1
2669	0.999255	0.0367229	0.0118357	0.30641	-0.0376849	0.994742	0.0952265	-0.113172	-0.00827644	-0.0956016	0.995385	1.99054	0	0	0	1
2670	0.998548	0.0502053	0.0195334	0.304882	-0.0519288	0.99353	0.101005	-0.132673	-0.0143361	-0.101872	0.994694	2.07652	0	0	0	1
2671	0.998479	0.0546056	0.00757115	0.31815	-0.0550835	0.993736	0.0972322	-0.147145	-0.00221431	-0.0975014	0.995233	2.16826	0	0	0	1
2672	0.998754	0.0495643	-0.00573753	0.329706	-0.048879	0.995012	0.0869624	-0.153421	0.0100191	-0.0865736	0.996195	2.26058	0	0	0	1
2673	0.999189	0.0397655	-0.00630843	0.343394	-0.0392342	0.996827	0.0692596	-0.138255	0.00904255	-0.0689559	0.997579	2.36012	0	0	0	1
2674	0.999231	0.0392011	0.000179153	0.365439	-0.0391619	0.998006	0.0494991	-0.127841	0.00176162	-0.0494681	0.998774	2.46776	0	0	0	1
2675	0.998992	0.0442307	0.00761059	0.392427	-0.0444266	0.998625	0.0278415	-0.129409	-0.00636868	-0.0281515	0.999583	2.57647	0	0	0	1
2676	0.998777	0.0493998	-0.0018554	0.407548	-0.0493565	0.998606	0.0187229	-0.131303	0.00277772	-0.0186084	0.999823	2.67282	0	0	0	1
2677	0.998531	0.0477572	-0.0255757	0.418919	-0.0471004	0.99856	0.0256957	-0.157998	0.026766	-0.0244533	0.999343	2.78172	0	0	0	1
2678	0.998506	0.0233479	-0.0494123	0.438581	-0.0221914	0.99947	0.0238256	-0.179979	0.0499424	-0.0226934	0.998494	2.88402	0	0	0	1
2679	0.997785	0.00657823	-0.0661977	0.439834	-0.00448503	0.999487	0.0317195	-0.186527	0.0663724	-0.0313524	0.997302	2.9958	0	0	0	1
2680	0.99636	0.00753529	-0.0849156	0.439252	-0.00340403	0.998808	0.0486915	-0.195876	0.0851813	-0.0482252	0.995198	3.10292	0	0	0	1
2681	0.993986	0.0215586	-0.107362	0.437521	-0.0155053	0.998259	0.0569011	-0.187702	0.108402	-0.0548942	0.99259	3.21271	0	0	0	1
2682	0.99164	0.0338803	-0.124511	0.43333	-0.026033	0.997603	0.0641206	-0.173056	0.126385	-0.0603431	0.990144	3.3244	0	0	0	1
2683	0.990462	0.0404705	-0.131712	0.42088	-0.0317398	0.997199	0.0677239	-0.169975	0.134084	-0.0628974	0.988972	3.43998	0	0	0	1
2684	0.991014	0.0478823	-0.124896	0.40855	-0.03852	0.996338	0.076328	-0.184196	0.128094	-0.0708311	0.989229	3.54792	0	0	0	1
2685	0.98984	0.0698785	-0.12383	0.410188	-0.0558934	0.992019	0.11302	-0.220348	0.13074	-0.10495	0.985846	3.65536	0	0	0	1
2686	0.98701	0.0858859	-0.135778	0.407792	-0.0655824	0.986883	0.147512	-0.232538	0.146666	-0.136692	0.979696	3.76168	0	0	0	1
2687	0.985342	0.0907282	-0.144461	0.40955	-0.063857	0.981439	0.180832	-0.247829	0.158186	-0.168956	0.972847	3.8651	0	0	0	1
2688	0.985572	0.0870312	-0.145166	0.424414	-0.0569394	0.978168	0.199863	-0.240539	0.159391	-0.188714	0.969011	3.97287	0	0	0	1
2689	0.987345	0.0789427	-0.137541	0.432146	-0.0511531	0.979474	0.194971	-0.226469	0.15011	-0.185468	0.971117	4.07415	0	0	0	1
2690	0.987442	0.076931	-0.137988	0.449295	-0.0510602	0.981958	0.182075	-0.235687	0.149505	-0.172743	0.973554	4.18003	0	0	0	1
2691	0.986644	0.0681912	-0.147932	0.469666	-0.0409702	0.982849	0.179803	-0.265025	0.157656	-0.171341	0.972516	4.29677	0	0	0	1
2692	0.985209	0.0487518	-0.164277	0.480356	-0.0154821	0.980079	0.198004	-0.281352	0.170658	-0.192532	0.966337	4.41289	0	0	0	1
2693	0.982783	0.0313735	-0.18208	0.492908	0.00760934	0.977769	0.209547	-0.312024	0.184607	-0.207325	0.960696	4.52104	0	0	0	1
2694	0.980441	0.0230494	-0.195458	0.495425	0.0197827	0.976547	0.214392	-0.326765	0.195816	-0.214065	0.956991	4.62518	0	0	0	1
2695	0.978592	0.0313396	-0.203409	0.486187	0.0156276	0.97417	0.225276	-0.338708	0.205215	-0.223632	0.952825	4.72288	0	0	0	1
2696	0.974978	0.0560424	-0.21512	0.471016	-0.0064188	0.974394	0.224755	-0.336799	0.222207	-0.21775	0.950373	4.8237	0	0	0	1
2697	0.969393	0.0837639	-0.230784	0.448008	-0.0322674	0.975313	0.218457	-0.321148	0.243385	-0.204324	0.948164	4.92541	0	0	0	1
2698	0.959938	0.111598	-0.257032	0.423991	-0.0545787	0.974168	0.21913	-0.313264	0.274846	-0.196322	0.941232	5.02756	0	0	0	1
2699	0.948239	0.139241	-0.285403	0.406381	-0.0739274	0.970843	0.22803	-0.317445	0.308833	-0.195128	0.930885	5.13274	0	0	0	1
2700	0.937639	0.167181	-0.304768	0.39223	-0.0956839	0.967012	0.236077	-0.318549	0.334181	-0.192194	0.922705	5.23376	0	0	0	1
2701	0.929086	0.185297	-0.320101	0.368164	-0.109286	0.964345	0.241029	-0.325047	0.353349	-0.188954	0.91621	5.32936	0	0	0	1
2702	0.92279	0.179639	-0.340865	0.355391	-0.0972318	0.964602	0.245129	-0.326166	0.372834	-0.193059	0.907592	5.42538	0	0	0	1
2703	0.91433	0.174836	-0.365284	0.339596	-0.0897717	0.967067	0.238164	-0.322887	0.394893	-0.184968	0.899914	5.5242	0	0	0	1
2704	0.906194	0.173108	-0.385805	0.325339	-0.0895327	0.970228	0.225036	-0.313373	0.413275	-0.169384	0.894714	5.62763	0	0	0	1
2705	0.900048	0.167193	-0.402443	0.31529	-0.0852489	0.973184	0.21365	-0.304705	0.427372	-0.157987	0.890165	5.73245	0	0	0	1
2706	0.889866	0.158971	-0.42763	0.295934	-0.0780377	0.976552	0.200641	-0.294302	0.449499	-0.145172	0.881406	5.84	0	0	0	1
2707	0.870948	0.166011	-0.462482	0.27559	-0.0699901	0.973515	0.217644	-0.288365	0.486365	-0.157188	0.8595	5.94383	0	0	0	1
2708	0.849995	0.170251	-0.49852	0.250658	-0.0577767	0.970756	0.233013	-0.296368	0.523612	-0.169257	0.834974	6.04588	0	0	0	1
2709	0.833795	0.170961	-0.524936	0.216832	-0.038679	0.966597	0.253365	-0.304179	0.550717	-0.190951	0.812557	6.14948	0	0	0	1
2710	0.812602	0.195335	-0.54911	0.179746	-0.0458769	0.960677	0.273851	-0.304487	0.581011	-0.19734	0.78961	6.24982	0	0	0	1
2711	0.791318	0.225504	-0.568299	0.138336	-0.0693114	0.956592	0.28307	-0.295103	0.607463	-0.184609	0.772598	6.34251	0	0	0	1
2712	0.774656	0.252032	-0.579989	0.0918372	-0.100393	0.954531	0.280699	-0.277111	0.624363	-0.159218	0.764736	6.43152	0	0	0	1
2713	0.762634	0.268554	-0.588445	0.0432867	-0.129583	0.954727	0.267775	-0.270276	0.633717	-0.127962	0.762908	6.52051	0	0	0	1
2714	0.752466	0.282295	-0.595067	-0.00802856	-0.139646	0.95133	0.274719	-0.280864	0.643657	-0.123618	0.755265	6.61268	0	0	0	1
2715	0.723445	0.300697	-0.621457	-0.0407263	-0.144836	0.946236	0.289239	-0.285006	0.675018	-0.11924	0.728102	6.70174	0	0	0	1
2716	0.693054	0.291956	-0.659119	-0.0737216	-0.133722	0.950516	0.280423	-0.265589	0.708375	-0.106209	0.6978	6.76883	0	0	0	1
2717	0.655092	0.26209	-0.708635	-0.107719	-0.107074	0.960645	0.256313	-0.277637	0.747923	-0.0920322	0.657374	6.84186	0	0	0	1
2718	0.613047	0.224095	-0.757598	-0.136271	-0.0894385	0.972449	0.215274	-0.277037	0.784967	-0.0642145	0.6162	6.91753	0	0	0	1
2719	0.572932	0.177545	-0.800142	-0.162628	-0.0856859	0.983881	0.156961	-0.260212	0.815111	-0.0213671	0.57891	6.99472	0	0	0	1
2720	0.53413	0.130939	-0.835201	-0.191536	-0.0921395	0.991064	0.0964491	-0.260579	0.840366	0.0254386	0.541422	7.07321	0	0	0	1
2721	0.498696	0.0917474	-0.861907	-0.23398	-0.101371	0.993732	0.047127	-0.294319	0.860829	0.0638702	0.504871	7.13166	0	0	0	1
2722	0.461238	0.0801256	-0.883651	-0.270845	-0.0664349	0.996237	0.0556574	-0.316115	0.884786	0.033034	0.464826	7.21817	0	0	0	1
2723	0.418631	0.066122	-0.905746	-0.317376	-0.0282308	0.997811	0.0597949	-0.343801	0.907718	0.000537993	0.419581	7.29625	0	0	0	1
2724	0.37231	0.0767981	-0.924926	-0.369509	-0.0194003	0.996997	0.0749731	-0.356955	0.927906	-0.00996935	0.372681	7.35079	0	0	0	1
2725	0.334214	0.105952	-0.936523	-0.429571	-0.0293408	0.994349	0.102023	-0.365389	0.942041	-0.00661922	0.335434	7.40189	0	0	0	1
2726	0.311699	0.132938	-0.940835	-0.49486	-0.0497885	0.991089	0.123544	-0.356256	0.948875	0.00833412	0.315541	7.45046	0	0	0	1
2727	0.289748	0.17935	-0.940149	-0.569638	-0.0819843	0.983326	0.16232	-0.330884	0.953585	0.0300457	0.299621	7.495	0	0	0	1
2728	0.268887	0.254187	-0.929026	-0.658145	-0.120211	0.965863	0.229473	-0.305047	0.95564	0.0499769	0.290265	7.5397	0	0	0	1
2729	0.257393	0.350809	-0.900379	-0.734524	-0.167833	0.933841	0.315868	-0.275872	0.95162	0.0698116	0.299241	7.5782	0	0	0	1
2730	0.241517	0.463899	-0.85233	-0.821508	-0.173275	0.884832	0.43249	-0.289882	0.954801	0.0432336	0.294084	7.64844	0	0	0	1
2731	0.226968	0.500038	-0.835732	-0.885783	-0.165308	0.865455	0.472928	-0.292309	0.95977	0.0308139	0.279091	7.68457	0	0	0	1
2732	0.213814	0.507254	-0.834852	-0.944522	-0.139592	0.86171	0.487822	-0.301458	0.966849	0.0122353	0.255054	7.71602	0	0	0	1
2733	0.200452	0.498164	-0.843595	-0.995432	-0.119519	0.867074	0.483629	-0.312726	0.972386	0.00388156	0.233347	7.74708	0	0	0	1
2734	0.1884	0.489622	-0.851337	-1.0477	-0.110244	0.871926	0.477066	-0.315205	0.975885	0.00397548	0.218249	7.77721	0	0	0	1
2735	0.168389	0.479072	-0.861472	-1.09865	-0.115046	0.877531	0.465515	-0.313305	0.978984	0.0207215	0.202882	7.80677	0	0	0	1
2736	0.148097	0.465736	-0.872443	-1.14779	-0.124596	0.883929	0.450717	-0.308837	0.981093	0.041953	0.188936	7.83861	0	0	0	1
2737	0.140626	0.432204	-0.890743	-1.19269	-0.12899	0.900014	0.416338	-0.318953	0.981624	0.0563484	0.182316	7.87263	0	0	0	1
2738	0.125203	0.390625	-0.911996	-1.24124	-0.121997	0.918315	0.376583	-0.338705	0.984602	0.0641116	0.162631	7.90565	0	0	0	1
2739	0.0974023	0.39781	-0.912283	-1.29731	-0.100306	0.915898	0.388677	-0.363289	0.990177	0.0536499	0.129113	7.94218	0	0	0	1
2740	0.0836262	0.400478	-0.912483	-1.35626	-0.0793722	0.915458	0.394509	-0.397549	0.993331	0.0394344	0.108343	7.97315	0	0	0	1
2741	0.0802641	0.40713	-0.909837	-1.41462	-0.0584692	0.913133	0.403447	-0.423286	0.995057	0.0208151	0.0970963	7.99965	0	0	0	1
2742	0.0727889	0.432912	-0.898493	-1.47477	-0.0551019	0.901252	0.429778	-0.432801	0.995824	0.0182256	0.0894554	8.02152	0	0	0	1
2743	0.0661518	0.468497	-0.880985	-1.53408	-0.0612572	0.88316	0.465054	-0.434133	0.995927	0.0232024	0.0871215	8.03935	0	0	0	1
2744	0.0564396	0.4807	-0.875067	-1.58748	-0.0772372	0.875939	0.476198	-0.43128	0.995414	0.0407113	0.0865656	8.05015	0	0	0	1
2745	0.0542861	0.477011	-0.877219	-1.63897	-0.0893843	0.877309	0.471529	-0.440644	0.994517	0.0528121	0.090263	8.05345	0	0	0	1
2746	0.0579741	0.459466	-0.886301	-1.69092	-0.103194	0.885797	0.452454	-0.469045	0.99297	0.0652301	0.0987673	8.05361	0	0	0	1
2747	0.0681645	0.450765	-0.890036	-1.74266	-0.11392	0.889793	0.441917	-0.49357	0.991149	0.0712703	0.112004	8.05616	0	0	0	1
2748	0.0772757	0.432577	-0.898279	-1.78488	-0.119032	0.898532	0.422459	-0.518218	0.989879	0.0742779	0.120925	8.05972	0	0	0	1
2749	0.0898497	0.427865	-0.899366	-1.82976	-0.111482	0.901664	0.417821	-0.534157	0.989696	0.0627218	0.128713	8.06827	0	0	0	1
2750	0.105537	0.427123	-0.898013	-1.87117	-0.102292	0.902929	0.417439	-0.54734	0.98914	0.0478045	0.138984	8.07648	0	0	0	1
2751	0.116125	0.414109	-0.90279	-1.90825	-0.0980112	0.90928	0.404479	-0.5645	0.988387	0.0415134	0.146177	8.09121	0	0	0	1
2752	0.123626	0.395661	-0.910038	-1.94303	-0.101334	0.917313	0.385057	-0.57555	0.987141	0.0446145	0.153497	8.10408	0	0	0	1
2753	0.12601	0.391475	-0.91152	-1.98637	-0.110093	0.918687	0.379334	-0.586326	0.985901	0.0525517	0.158862	8.12199	0	0	0	1
2754	0.125477	0.404387	-0.90594	-2.0274	-0.105025	0.91344	0.393188	-0.610512	0.986522	0.0458103	0.157087	8.14393	0	0	0	1
2755	0.12282	0.424049	-0.897272	-2.06829	-0.0894064	0.905169	0.415543	-0.642677	0.988394	0.029185	0.149085	8.16521	0	0	0	1
2756	0.123205	0.426622	-0.895999	-2.10877	-0.0633758	0.904417	0.421916	-0.670133	0.990355	0.00480232	0.138467	8.17681	0	0	0	1
2757	0.118901	0.434062	-0.893002	-2.15348	-0.0390289	0.90073	0.432622	-0.69502	0.992139	-0.0165865	0.124039	8.18439	0	0	0	1
2758	0.10836	0.449315	-0.886777	-2.20238	-0.0303578	0.893109	0.448814	-0.710534	0.993648	-0.0217128	0.110417	8.1925	0	0	0	1
2759	0.10507	0.460312	-0.881518	-2.24963	-0.0293453	0.887473	0.459924	-0.718318	0.994032	-0.0224558	0.106755	8.19062	0	0	0	1
2760	0.102617	0.482196	-0.870033	-2.29772	-0.0336336	0.875832	0.481443	-0.716884	0.994152	-0.0201418	0.106093	8.18816	0	0	0	1
2761	0.117158	0.514342	-0.849545	-2.35034	-0.0411138	0.857214	0.513316	-0.720012	0.992262	-0.025211	0.121576	8.18672	0	0	0	1
2762	0.147466	0.536713	-0.830778	-2.39577	-0.0571102	0.843181	0.534588	-0.729137	0.987417	-0.0313874	0.154992	8.1853	0	0	0	1
2763	0.173201	0.526968	-0.832049	-2.44621	-0.0685014	0.849217	0.523582	-0.757429	0.982501	-0.0336882	0.183183	8.19893	0	0	0	1
2764	0.188498	0.502541	-0.843754	-2.48857	-0.0717268	0.863906	0.498519	-0.781352	0.979451	-0.0334499	0.19889	8.21116	0	0	0	1
2765	0.201383	0.487047	-0.849841	-2.53499	-0.0665261	0.872414	0.484219	-0.797161	0.977251	-0.040977	0.208091	8.22852	0	0	0	1
2766	0.214063	0.485374	-0.847696	-2.58073	-0.0569343	0.872537	0.48522	-0.811662	0.975159	-0.0556045	0.214412	8.25078	0	0	0	1
2767	0.217155	0.480818	-0.849505	-2.62251	-0.0474119	0.87444	0.482812	-0.827358	0.974985	-0.0645681	0.212685	8.2727	0	0	0	1
2768	0.201504	0.460269	-0.864609	-2.66097	-0.0449401	0.88613	0.461252	-0.836184	0.978456	-0.0540887	0.199244	8.29773	0	0	0	1
2769	0.183016	0.4421	-0.878096	-2.70674	-0.0380913	0.8957	0.443024	-0.86435	0.982372	-0.0476326	0.180768	8.32364	0	0	0	1
2770	0.162633	0.448601	-0.87881	-2.75352	-0.00989309	0.891365	0.453179	-0.892088	0.986637	-0.0650079	0.149404	8.35226	0	0	0	1
2771	0.147878	0.448766	-0.881329	-2.79902	0.0192052	0.889656	0.456228	-0.921008	0.988819	-0.0843923	0.122942	8.37366	0	0	0	1
2772	0.13264	0.448668	-0.883801	-2.85499	0.0305758	0.889403	0.4561	-0.945203	0.990693	-0.08752	0.104252	8.38231	0	0	0	1
2773	0.111705	0.460172	-0.880774	-2.9127	0.0225601	0.884919	0.465199	-0.96084	0.993485	-0.0718356	0.0884687	8.38616	0	0	0	1
2774	0.101258	0.476308	-0.873429	-2.97276	0.00724838	0.877565	0.479404	-0.963548	0.994834	-0.0548743	0.0854078	8.38612	0	0	0	1
2775	0.0956347	0.487361	-0.867948	-3.03023	-0.0162403	0.872592	0.488179	-0.952054	0.995284	-0.0325911	0.091365	8.38525	0	0	0	1
2776	0.0939532	0.484985	-0.869461	-3.09063	-0.0361397	0.87441	0.48384	-0.934919	0.99492	-0.0140363	0.0996808	8.38236	0	0	0	1
2777	0.107774	0.493251	-0.863185	-3.16386	-0.0427283	0.869738	0.491661	-0.928503	0.993257	-0.0161057	0.114811	8.38377	0	0	0	1
2778	0.12298	0.520789	-0.844781	-3.2383	-0.0610016	0.8536	0.517346	-0.921967	0.990533	-0.0120904	0.136745	8.38596	0	0	0	1
2779	0.132632	0.53079	-0.837061	-3.30678	-0.0763373	0.847484	0.525304	-0.924856	0.988221	-0.00577309	0.152922	8.39408	0	0	0	1
2780	0.132147	0.517864	-0.845195	-3.36884	-0.0768144	0.855459	0.512142	-0.927902	0.988249	-0.00275471	0.152825	8.41198	0	0	0	1
2781	0.130066	0.506476	-0.852388	-3.43281	-0.0729829	0.862249	0.501199	-0.923341	0.988816	-0.00297927	0.149114	8.43265	0	0	0	1
2782	0.135735	0.496903	-0.857125	-3.49828	-0.0672351	0.867757	0.492419	-0.914163	0.988461	-0.00920982	0.151195	8.45523	0	0	0	1
2783	0.141634	0.488704	-0.860876	-3.56159	-0.0683374	0.872395	0.484	-0.905149	0.987558	-0.00972069	0.156957	8.47812	0	0	0	1
2784	0.134399	0.476241	-0.868983	-3.62876	-0.0749909	0.879312	0.470304	-0.900635	0.988086	0.00195754	0.153892	8.50478	0	0	0	1
2785	0.119041	0.490901	-0.863044	-3.69625	-0.0633743	0.871209	0.486804	-0.905623	0.990865	-0.00325493	0.13482	8.53229	0	0	0	1
2786	0.111928	0.510928	-0.852306	-3.7668	-0.037275	0.85925	0.510196	-0.915262	0.993017	-0.0253356	0.115219	8.55399	0	0	0	1
2787	0.115966	0.514301	-0.849733	-3.83657	-0.00917327	0.856023	0.516856	-0.927334	0.993211	-0.0521428	0.103987	8.57612	0	0	0	1
2788	0.113515	0.518101	-0.847753	-3.90332	-0.0112494	0.853884	0.520342	-0.930067	0.993473	-0.0495297	0.102757	8.59102	0	0	0	1
2789	0.111547	0.516218	-0.849162	-3.97161	-0.0233691	0.855621	0.517075	-0.925123	0.993484	-0.0378342	0.107506	8.59847	0	0	0	1
2790	0.10356	0.515735	-0.850466	-4.03898	-0.0308768	0.856319	0.515524	-0.9223	0.994144	-0.0271281	0.104605	8.60385	0	0	0	1
2791	0.102535	0.517315	-0.84963	-4.10928	-0.0339594	0.855455	0.516763	-0.926595	0.99415	-0.0241334	0.105282	8.60512	0	0	0	1
2792	0.116242	0.518482	-0.847151	-4.1863	-0.0424206	0.854746	0.51731	-0.94433	0.992315	-0.0241963	0.121351	8.60442	0	0	0	1
2793	0.136508	0.524743	-0.840244	-4.25512	-0.0629164	0.851064	0.521279	-0.962263	0.988639	-0.0182936	0.149192	8.60705	0	0	0	1
2794	0.154102	0.528039	-0.835121	-4.32307	-0.0893256	0.849202	0.520459	-0.978092	0.984009	-0.00560614	0.178031	8.61398	0	0	0	1
2795	0.164939	0.535523	-0.828257	-4.38232	-0.104061	0.84452	0.525316	-0.99027	0.980799	-0.000456251	0.195021	8.62597	0	0	0	1
2796	0.176864	0.534192	-0.826655	-4.43371	-0.109935	0.845362	0.52276	-0.98982	0.978076	-0.00157912	0.208241	8.64171	0	0	0	1
2797	0.198433	0.521227	-0.830028	-4.48249	-0.100624	0.853228	0.511739	-0.99724	0.974936	-0.0180253	0.221756	8.66267	0	0	0	1
2798	0.196309	0.510666	-0.837068	-4.52986	-0.099009	0.859639	0.501216	-1.01195	0.975531	-0.0155162	0.219316	8.68968	0	0	0	1
2799	0.180146	0.509101	-0.841643	-4.57365	-0.0954139	0.860651	0.500176	-1.03698	0.979001	-0.00980035	0.203618	8.71165	0	0	0	1
2800	0.16545	0.503176	-0.848198	-4.62065	-0.0767642	0.864012	0.497584	-1.06705	0.983226	-0.017214	0.181577	8.73389	0	0	0	1
2801	0.154515	0.490912	-0.857398	-4.6637	-0.0658024	0.871006	0.486845	-1.10303	0.985797	-0.018806	0.166887	8.7494	0	0	0	1
2802	0.148714	0.486542	-0.860907	-4.70646	-0.0633717	0.873487	0.482705	-1.13111	0.986848	-0.0172277	0.160733	8.76255	0	0	0	1
2803	0.139006	0.484319	-0.863778	-4.74786	-0.0687885	0.874861	0.479464	-1.14574	0.987899	-0.00723049	0.154927	8.77492	0	0	0	1
2804	0.128775	0.475974	-0.86998	-4.78527	-0.0693043	0.87946	0.470901	-1.14429	0.989249	-0.0003471	0.14624	8.78191	0	0	0	1
2805	0.117272	0.463241	-0.878439	-4.82099	-0.0670351	0.886217	0.458394	-1.14481	0.990835	0.00512934	0.134982	8.7843	0	0	0	1
2806	0.10634	0.457211	-0.882978	-4.8628	-0.0618617	0.889335	0.453052	-1.15053	0.992404	0.00644516	0.122855	8.7836	0	0	0	1
2807	0.10009	0.457218	-0.883704	-4.90971	-0.0576552	0.889337	0.453603	-1.17466	0.993307	0.00554918	0.115375	8.78177	0	0	0	1
2808	0.0972224	0.469832	-0.877386	-4.9564	-0.0625776	0.882703	0.465746	-1.19934	0.993293	0.00962375	0.115219	8.77796	0	0	0	1
2809	0.101736	0.454304	-0.885019	-4.99545	-0.0678345	0.890732	0.449439	-1.23295	0.992496	0.0143108	0.121437	8.7761	0	0	0	1
2810	0.105994	0.436293	-0.89354	-5.03256	-0.0620651	0.899753	0.431964	-1.26235	0.992428	0.00967209	0.122447	8.78612	0	0	0	1
2811	0.106416	0.422169	-0.900249	-5.07416	-0.0609074	0.906458	0.417881	-1.27433	0.992454	0.0103624	0.122175	8.79426	0	0	0	1
2812	0.116023	0.410691	-0.904363	-5.11436	-0.0599199	0.911747	0.406357	-1.27696	0.991437	0.00704263	0.130392	8.80487	0	0	0	1
2813	0.130254	0.402277	-0.906205	-5.15569	-0.057661	0.915518	0.398123	-1.27506	0.989802	0.0003953	0.142446	8.82437	0	0	0	1
2814	0.140996	0.401762	-0.904824	-5.20336	-0.0653957	0.915738	0.396418	-1.27815	0.987848	0.00327848	0.155389	8.84477	0	0	0	1
2815	0.151731	0.408407	-0.900101	-5.25669	-0.0624844	0.912786	0.40363	-1.29215	0.986445	-0.00500066	0.164017	8.87359	0	0	0	1
2816	0.146003	0.438927	-0.886581	-5.31332	-0.0484105	0.898281	0.436747	-1.32068	0.988099	-0.0208464	0.1524	8.89924	0	0	0	1
2817	0.132649	0.457299	-0.879365	-5.36459	-0.0404058	0.888962	0.456195	-1.34629	0.990339	-0.0249821	0.136397	8.91679	0	0	0	1
2818	0.13141	0.465772	-0.875093	-5.42024	-0.0297339	0.884203	0.466156	-1.37258	0.990882	-0.0352376	0.130042	8.93494	0	0	0	1
2819	0.133669	0.47712	-0.868613	-5.47756	-0.0256855	0.877852	0.478242	-1.39014	0.990693	-0.0416152	0.129596	8.94598	0	0	0	1
2820	0.135374	0.482879	-0.86516	-5.53413	-0.0300326	0.874797	0.483559	-1.38903	0.990339	-0.0394783	0.132927	8.95579	0	0	0	1
2821	0.134816	0.48181	-0.865843	-5.59276	-0.039045	0.875725	0.48123	-1.37619	0.990101	-0.0310708	0.136874	8.9653	0	0	0	1
2822	0.12934	0.475106	-0.870371	-5.65677	-0.0465091	0.879684	0.473278	-1.35563	0.990509	-0.0207337	0.135875	8.97088	0	0	0	1
2823	0.123275	0.446522	-0.88624	-5.72139	-0.045703	0.894659	0.444406	-1.36832	0.99132	-0.0142804	0.130697	8.96829	0	0	0	1
2824	0.12247	0.419493	-0.899459	-5.79531	-0.0541278	0.907756	0.415992	-1.39137	0.990995	-0.00226073	0.133879	8.9708	0	0	0	1
2825	0.143426	0.425971	-0.893296	-5.86562	-0.0567155	0.904682	0.422295	-1.41183	0.988035	-0.00990453	0.153914	8.97422	0	0	0	1
2826	0.157359	0.438076	-0.885058	-5.9314	-0.0639576	0.898863	0.433537	-1.43507	0.985468	-0.0116147	0.169462	8.98254	0	0	0	1
2827	0.167294	0.44249	-0.881031	-5.99574	-0.0640085	0.896614	0.438162	-1.45685	0.983827	-0.0169086	0.178322	8.99467	0	0	0	1
2828	0.167189	0.447958	-0.878283	-6.05559	-0.0649231	0.89389	0.44356	-1.47178	0.983785	-0.0171376	0.178532	9.00888	0	0	0	1
2829	0.17156	0.445902	-0.878487	-6.11252	-0.0636269	0.894861	0.441787	-1.47687	0.983117	-0.0198975	0.181893	9.02444	0	0	0	1
2830	0.181952	0.435857	-0.881432	-6.16977	-0.0668802	0.899805	0.431136	-1.46413	0.98103	-0.0194958	0.192872	9.04607	0	0	0	1
2831	0.176202	0.422774	-0.88894	-6.2279	-0.0915693	0.906194	0.412829	-1.44642	0.980086	0.00865814	0.198387	9.07086	0	0	0	1
2832	0.152016	0.406545	-0.900895	-6.29063	-0.120322	0.912321	0.391398	-1.43566	0.981027	0.048899	0.187604	9.10139	0	0	0	1
2833	0.126412	0.406559	-0.904837	-6.37127	-0.112901	0.912124	0.394061	-1.43606	0.985532	0.0523428	0.161204	9.13785	0	0	0	1
2834	0.106324	0.450036	-0.886658	-6.45154	-0.0814452	0.892658	0.443315	-1.44592	0.99099	0.0250789	0.131565	9.17367	0	0	0	1
2835	0.105361	0.451615	-0.88597	-6.53081	-0.0583799	0.892202	0.447848	-1.45857	0.992719	0.00453693	0.120369	9.20134	0	0	0	1
2836	0.106968	0.457272	-0.88287	-6.60975	-0.0470149	0.889298	0.454905	-1.4677	0.99315	-0.00715234	0.116625	9.22555	0	0	0	1
2837	0.104578	0.455472	-0.884086	-6.68521	-0.0462375	0.890226	0.453166	-1.46775	0.993441	-0.00651347	0.114158	9.24182	0	0	0	1
2838	0.0974648	0.446485	-0.889467	-6.75695	-0.0549451	0.894773	0.443128	-1.46181	0.993721	0.00568249	0.111741	9.25276	0	0	0	1
2839	0.0934043	0.436631	-0.894779	-6.82729	-0.0597487	0.899546	0.432721	-1.45433	0.993834	0.0130439	0.11011	9.26209	0	0	0	1
2840	0.0948923	0.419326	-0.902863	-6.89774	-0.0643068	0.907643	0.414788	-1.46347	0.993408	0.0187	0.113094	9.26376	0	0	0	1
2841	0.1004	0.394844	-0.913246	-6.96903	-0.0762699	0.918237	0.388617	-1.49001	0.992019	0.030636	0.122306	9.26464	0	0	0	1
2842	0.117755	0.387848	-0.914171	-7.03908	-0.0890523	0.920991	0.379271	-1.51221	0.989042	0.036748	0.14299	9.27254	0	0	0	1
2843	0.133458	0.389959	-0.91111	-7.11021	-0.100443	0.919922	0.379018	-1.52318	0.985951	0.0409315	0.161939	9.28311	0	0	0	1
2844	0.1468	0.400427	-0.904493	-7.17706	-0.0993023	0.915746	0.389291	-1.52679	0.984169	0.0326702	0.174195	9.2969	0	0	0	1
2845	0.153925	0.419055	-0.894818	-7.24057	-0.101645	0.907522	0.407519	-1.51894	0.98284	0.0282263	0.182285	9.31322	0	0	0	1
2846	0.164641	0.437602	-0.883967	-7.30463	-0.106121	0.898854	0.425206	-1.50768	0.980628	0.0238009	0.194427	9.32912	0	0	0	1
2847	0.164092	0.459471	-0.872903	-7.36647	-0.117068	0.887715	0.44526	-1.50487	0.979474	0.0291251	0.199457	9.34632	0	0	0	1
2848	0.147773	0.461525	-0.874733	-7.4192	-0.114787	0.88647	0.448325	-1.52628	0.982338	0.0341578	0.183973	9.36447	0	0	0	1
2849	0.135682	0.456291	-0.879426	-7.46843	-0.102674	0.889331	0.445589	-1.54155	0.985418	0.0298359	0.167515	9.37909	0	0	0	1
2850	0.13855	0.441757	-0.886372	-7.51344	-0.078015	0.897091	0.434905	-1.56813	0.987278	0.00889414	0.158756	9.39234	0	0	0	1
2851	0.133139	0.433847	-0.891096	-7.55569	-0.0696931	0.900972	0.428243	-1.59556	0.988644	0.00508756	0.15019	9.40021	0	0	0	1
2852	0.12916	0.418803	-0.898845	-7.59514	-0.0824411	0.907834	0.411145	-1.61531	0.988191	0.0209981	0.151783	9.40479	0	0	0	1
2853	0.129669	0.396651	-0.908765	-7.63524	-0.0913434	0.917384	0.387379	-1.62463	0.987341	0.0327784	0.155188	9.41006	0	0	0	1
2854	0.127759	0.373012	-0.918988	-7.67901	-0.0996812	0.926719	0.362292	-1.63366	0.986783	0.0453198	0.155579	9.41512	0	0	0	1
2855	0.134731	0.350162	-0.926949	-7.72673	-0.101628	0.935428	0.338594	-1.65647	0.985657	0.048585	0.161617	9.41981	0	0	0	1
2856	0.137405	0.336625	-0.93156	-7.77846	-0.11664	0.939436	0.322266	-1.68798	0.983623	0.0643763	0.168347	9.42237	0	0	0	1
2857	0.147253	0.33458	-0.930792	-7.82369	-0.130609	0.939387	0.317007	-1.71986	0.980438	0.0748895	0.182026	9.42709	0	0	0	1
2858	0.156016	0.324558	-0.93291	-7.86127	-0.137878	0.942385	0.304796	-1.74642	0.978084	0.0810747	0.191776	9.43792	0	0	0	1
2859	0.159548	0.29657	-0.941589	-7.89493	-0.136813	0.951246	0.27643	-1.76048	0.977664	0.0847175	0.192344	9.44756	0	0	0	1
2860	0.156432	0.259969	-0.952862	-7.92069	-0.127684	0.961966	0.241491	-1.77098	0.979401	0.0838888	0.183676	9.4568	0	0	0	1
2861	0.165998	0.219859	-0.961305	-7.94653	-0.117766	0.972273	0.202032	-1.77818	0.979069	0.0796715	0.187288	9.47081	0	0	0	1
2862	0.176852	0.192049	-0.965319	-7.97929	-0.129846	0.976759	0.170537	-1.78952	0.975635	0.0951827	0.197679	9.48477	0	0	0	1
2863	0.17548	0.192432	-0.965493	-8.02452	-0.142783	0.975316	0.168439	-1.80418	0.974074	0.108299	0.198625	9.51102	0	0	0	1
2864	0.152195	0.225832	-0.962204	-8.08163	-0.122242	0.970371	0.208414	-1.82836	0.980762	0.085902	0.175292	9.53905	0	0	0	1
2865	0.121687	0.321361	-0.939106	-8.14967	-0.0770286	0.946341	0.313855	-1.84232	0.989575	0.0341459	0.139911	9.56315	0	0	0	1
2866	0.111208	0.401947	-0.908884	-8.2173	-0.0410338	0.915635	0.399912	-1.85378	0.99295	-0.00717853	0.11832	9.58411	0	0	0	1
2867	0.104552	0.454495	-0.884592	-8.27832	-0.0370593	0.89063	0.453217	-1.85969	0.993829	-0.0146026	0.109961	9.59905	0	0	0	1
2868	0.101787	0.481986	-0.870246	-8.32973	-0.0483411	0.876153	0.479604	-1.86059	0.993631	-0.00674883	0.112481	9.60564	0	0	0	1
2869	0.0866697	0.485264	-0.870061	-8.377	-0.067463	0.874202	0.480853	-1.85351	0.99395	0.0170215	0.108504	9.61097	0	0	0	1
2870	0.0741028	0.483231	-0.872351	-8.4283	-0.0805218	0.874799	0.477747	-1.84711	0.993994	0.0348409	0.103736	9.61664	0	0	0	1
2871	0.0699832	0.48686	-0.870672	-8.48711	-0.0860692	0.872504	0.480967	-1.83285	0.993828	0.0412784	0.102964	9.62124	0	0	0	1
2872	0.0646493	0.484446	-0.872429	-8.55461	-0.0980549	0.873111	0.477558	-1.83708	0.993079	0.0546722	0.103948	9.62291	0	0	0	1
2873	0.0632359	0.502572	-0.86222	-8.63084	-0.114194	0.861918	0.494021	-1.84979	0.991444	0.0672208	0.111895	9.62544	0	0	0	1
2874	0.0784646	0.54117	-0.837245	-8.7038	-0.121538	0.838762	0.53076	-1.86891	0.989481	0.060111	0.131586	9.63011	0	0	0	1
2875	0.0888151	0.556112	-0.826348	-8.76825	-0.121185	0.829497	0.545206	-1.88516	0.988649	0.0517189	0.141065	9.64139	0	0	0	1
2876	0.092041	0.550211	-0.829938	-8.82355	-0.121512	0.833453	0.539065	-1.90792	0.988313	0.0512316	0.143569	9.65317	0	0	0	1
2877	0.101757	0.53719	-0.8373	-8.88118	-0.120966	0.842105	0.525572	-1.9214	0.987427	0.0478042	0.150672	9.66559	0	0	0	1
2878	0.107355	0.528904	-0.841865	-8.94126	-0.113496	0.847742	0.518123	-1.92949	0.987721	0.039925	0.151037	9.68913	0	0	0	1
2879	0.113627	0.511689	-0.851624	-9.00682	-0.0954045	0.858834	0.503292	-1.92395	0.988932	0.0240614	0.146404	9.72001	0	0	0	1
2880	0.114642	0.500745	-0.85797	-9.07285	-0.0885004	0.865378	0.493243	-1.90692	0.989457	0.0193845	0.143524	9.75281	0	0	0	1
2881	0.118048	0.485268	-0.86636	-9.14062	-0.0897273	0.874104	0.47738	-1.88957	0.988946	0.0213825	0.146728	9.79067	0	0	0	1
2882	0.12272	0.463257	-0.877686	-9.21582	-0.0854638	0.886018	0.455706	-1.88589	0.988755	0.0190863	0.148324	9.8337	0	0	0	1
2883	0.128942	0.470695	-0.872823	-9.29439	-0.0596591	0.882258	0.46697	-1.89025	0.989856	-0.00814031	0.141842	9.87509	0	0	0	1
2884	0.133635	0.456576	-0.879591	-9.36988	-0.0367252	0.889224	0.455997	-1.90536	0.99035	-0.0286341	0.135599	9.90822	0	0	0	1
2885	0.136975	0.447879	-0.88354	-9.4442	-0.0190317	0.892972	0.44971	-1.91654	0.990392	-0.0447837	0.130839	9.932	0	0	0	1
2886	0.133145	0.450172	-0.88296	-9.51584	-0.0174109	0.891817	0.452062	-1.91894	0.990944	-0.0448168	0.126579	9.94699	0	0	0	1
2887	0.13288	0.454112	-0.88098	-9.58663	-0.0306695	0.89032	0.454301	-1.91268	0.990658	-0.0333482	0.132233	9.95922	0	0	0	1
2888	0.129087	0.449645	-0.88383	-9.65557	-0.0565571	0.893175	0.446139	-1.90234	0.990019	-0.00760383	0.140728	9.96159	0	0	0	1
2889	0.125803	0.437965	-0.890146	-9.72458	-0.0768235	0.898881	0.431406	-1.8958	0.989076	0.0141119	0.146728	9.96032	0	0	0	1
2890	0.132159	0.407742	-0.903482	-9.79535	-0.0976694	0.912398	0.397479	-1.9099	0.986405	0.0357121	0.160406	9.95724	0	0	0	1
2891	0.145297	0.407411	-0.901612	-9.86757	-0.119944	0.911815	0.392692	-1.93433	0.982091	0.0510863	0.18135	9.95417	0	0	0	1
2892	0.161472	0.39119	-0.906034	-9.92988	-0.128287	0.918612	0.373758	-1.95824	0.978503	0.0558812	0.198515	9.95757	0	0	0	1
2893	0.174388	0.377204	-0.909564	-9.98623	-0.129206	0.924497	0.358625	-1.97616	0.976163	0.0549812	0.209958	9.96655	0	0	0	1
2894	0.19349	0.369882	-0.908707	-10.0356	-0.128293	0.927797	0.350335	-1.98277	0.972678	0.0487946	0.226973	9.97627	0	0	0	1
2895	0.204775	0.357983	-0.910997	-10.0843	-0.117462	0.932981	0.340219	-1.98275	0.971736	0.037339	0.2331	9.9922	0	0	0	1
2896	0.214764	0.346727	-0.913048	-10.1294	-0.105067	0.937639	0.331352	-1.9812	0.970998	0.0247683	0.237801	10.0086	0	0	0	1
2897	0.221713	0.341598	-0.91332	-10.1788	-0.106801	0.939503	0.325465	-1.9843	0.969246	0.0253838	0.244783	10.0283	0	0	0	1
2898	0.218631	0.330841	-0.918011	-10.2247	-0.11036	0.943118	0.313606	-2.0053	0.969547	0.0327474	0.242706	10.0474	0	0	0	1
2899	0.207927	0.328283	-0.92141	-10.274	-0.100511	0.944183	0.313714	-2.03671	0.972967	0.0273825	0.229317	10.0667	0	0	0	1
2900	0.200681	0.334565	-0.920757	-10.3225	-0.0864808	0.942258	0.323528	-2.06345	0.975832	0.0147018	0.218026	10.083	0	0	0	1
2901	0.203122	0.322011	-0.924689	-10.3685	-0.0812346	0.946663	0.311818	-2.08812	0.975778	0.0117795	0.218447	10.0942	0	0	0	1
2902	0.207661	0.326666	-0.922045	-10.4164	-0.0934545	0.944906	0.313718	-2.10244	0.973726	0.0210222	0.226749	10.1054	0	0	0	1
2903	0.208944	0.342313	-0.916059	-10.4621	-0.108194	0.939076	0.326237	-2.10606	0.971924	0.0309467	0.23325	10.1159	0	0	0	1
2904	0.201975	0.343517	-0.917171	-10.5063	-0.112011	0.938428	0.326812	-2.10435	0.972964	0.036725	0.228017	10.124	0	0	0	1
2905	0.187814	0.364202	-0.912186	-10.555	-0.0938324	0.931118	0.352441	-2.10348	0.977712	0.019399	0.209051	10.1345	0	0	0	1
2906	0.184922	0.382922	-0.905082	-10.6112	-0.0810111	0.923771	0.374277	-2.11533	0.979408	0.00410947	0.201847	10.1415	0	0	0	1
2907	0.193394	0.430138	-0.881805	-10.6646	-0.0831264	0.902725	0.422112	-2.13327	0.977593	-0.00833235	0.210337	10.1474	0	0	0	1
2908	0.214132	0.453321	-0.865244	-10.7122	-0.0957992	0.891266	0.443246	-2.15233	0.972096	-0.0120234	0.234276	10.1554	0	0	0	1
2909	0.218974	0.445054	-0.868318	-10.7519	-0.107626	0.895503	0.431846	-2.17237	0.969777	-0.00110935	0.243992	10.163	0	0	0	1
2910	0.225382	0.424948	-0.876711	-10.7845	-0.122959	0.905076	0.407086	-2.18687	0.96648	0.0160499	0.256239	10.1729	0	0	0	1
2911	0.243825	0.401959	-0.882598	-10.8176	-0.129837	0.915401	0.38103	-2.19269	0.961089	0.0216893	0.275386	10.1888	0	0	0	1
2912	0.263249	0.387031	-0.883689	-10.8499	-0.131328	0.921848	0.364622	-2.19483	0.955747	0.0200668	0.293504	10.212	0	0	0	1
2913	0.277508	0.392598	-0.876844	-10.8876	-0.136167	0.919551	0.368625	-2.20357	0.951025	0.0171005	0.308642	10.2403	0	0	0	1
2914	0.281151	0.389233	-0.877184	-10.9247	-0.127037	0.921105	0.368005	-2.22376	0.951218	0.00796948	0.308416	10.2674	0	0	0	1
2915	0.278151	0.386943	-0.879151	-10.9649	-0.107832	0.922064	0.371714	-2.25013	0.954465	-0.00859177	0.298198	10.2955	0	0	0	1
2916	0.274782	0.386168	-0.88055	-11.005	-0.091292	0.922144	0.375921	-2.2788	0.957163	-0.0229091	0.288643	10.3157	0	0	0	1
2917	0.263592	0.387006	-0.883598	-11.0419	-0.0777651	0.921537	0.380424	-2.30358	0.961495	-0.0315635	0.273005	10.3243	0	0	0	1
2918	0.24333	0.389079	-0.888486	-11.0806	-0.0734076	0.920779	0.383116	-2.31728	0.967162	-0.0280019	0.252614	10.3296	0	0	0	1
2919	0.226621	0.392552	-0.891373	-11.1185	-0.0780148	0.919559	0.385131	-2.32044	0.970854	-0.0177384	0.239016	10.3309	0	0	0	1
2920	0.212258	0.397127	-0.892881	-11.155	-0.0883819	0.917758	0.387181	-2.31722	0.973209	-0.00326785	0.229901	10.3288	0	0	0	1
2921	0.203034	0.395092	-0.895924	-11.1929	-0.0929275	0.918627	0.384044	-2.31521	0.974752	0.00528186	0.223228	10.3219	0	0	0	1
2922	0.194995	0.385066	-0.902054	-11.2357	-0.097263	0.922767	0.372883	-2.32173	0.97597	0.0150261	0.217388	10.3067	0	0	0	1
2923	0.195008	0.382536	-0.903127	-11.2847	-0.112641	0.923447	0.366821	-2.33769	0.974312	0.0301956	0.223169	10.2975	0	0	0	1
2924	0.205744	0.415655	-0.885946	-11.3394	-0.139661	0.908519	0.393812	-2.36244	0.968589	0.0427078	0.244974	10.2866	0	0	0	1
2925	0.219466	0.433516	-0.874013	-11.3922	-0.155319	0.899953	0.407381	-2.38472	0.963177	0.0463446	0.264842	10.2843	0	0	0	1
2926	0.22877	0.435478	-0.870645	-11.4409	-0.152705	0.899345	0.409708	-2.40515	0.961429	0.039223	0.272243	10.2885	0	0	0	1
2927	0.236583	0.43992	-0.866313	-11.4894	-0.15101	0.897439	0.414486	-2.42288	0.959804	0.032761	0.278751	10.2974	0	0	0	1
2928	0.25695	0.448364	-0.856123	-11.5402	-0.142315	0.893763	0.425363	-2.42333	0.955889	0.012542	0.293462	10.3178	0	0	0	1
2929	0.302865	0.443976	-0.843302	-11.5865	-0.129468	0.895825	0.42513	-2.41084	0.944199	-0.0195766	0.328795	10.3431	0	0	0	1
2930	0.347049	0.422467	-0.837305	-11.6353	-0.122449	0.905563	0.406154	-2.39226	0.929819	-0.0384276	0.366005	10.3711	0	0	0	1
2931	0.37127	0.399317	-0.838275	-11.6838	-0.127489	0.916175	0.379961	-2.37863	0.919731	-0.0341974	0.391056	10.3952	0	0	0	1
2932	0.377624	0.379653	-0.844549	-11.7434	-0.139775	0.925001	0.353321	-2.36957	0.915349	-0.0153757	0.402369	10.4249	0	0	0	1
2933	0.382161	0.377365	-0.843533	-11.8101	-0.135076	0.925827	0.352985	-2.37159	0.91417	-0.0209564	0.404788	10.4652	0	0	0	1
2934	0.389122	0.406305	-0.826741	-11.884	-0.116567	0.911978	0.393331	-2.37084	0.913781	-0.0566828	0.402232	10.5047	0	0	0	1
2935	0.405106	0.411526	-0.816416	-11.9525	-0.106838	0.908161	0.404758	-2.37426	0.908006	-0.0767456	0.411868	10.5406	0	0	0	1
2936	0.419466	0.416212	-0.806732	-12.0213	-0.105061	0.904982	0.412275	-2.37768	0.901671	-0.0881793	0.423336	10.5708	0	0	0	1
2937	0.429306	0.420021	-0.799549	-12.0917	-0.11174	0.90318	0.414464	-2.37074	0.89622	-0.0885898	0.434673	10.6002	0	0	0	1
2938	0.444218	0.413135	-0.794978	-12.1606	-0.122889	0.907043	0.402705	-2.3555	0.887451	-0.0811949	0.453695	10.6294	0	0	0	1
2939	0.46275	0.40787	-0.787086	-12.2311	-0.137972	0.910187	0.390543	-2.32686	0.875686	-0.0721282	0.477463	10.6558	0	0	0	1
2940	0.488351	0.40086	-0.775128	-12.3055	-0.148495	0.913468	0.378847	-2.30331	0.85992	-0.0699076	0.505619	10.6839	0	0	0	1
2941	0.535833	0.380809	-0.75357	-12.3847	-0.172902	0.923088	0.34353	-2.28718	0.826431	-0.0537811	0.560464	10.7104	0	0	0	1
2942	0.603293	0.390903	-0.69515	-12.4704	-0.219636	0.919369	0.326374	-2.27399	0.76668	-0.0442194	0.640505	10.7476	0	0	0	1
2943	0.657549	0.397084	-0.640277	-12.55	-0.270096	0.917589	0.291683	-2.27097	0.703333	-0.0188597	0.71061	10.7891	0	0	0	1
2944	0.696058	0.39167	-0.601746	-12.6213	-0.293677	0.920098	0.259177	-2.26819	0.655178	-0.00368363	0.755466	10.8285	0	0	0	1
2945	0.725517	0.38192	-0.572506	-12.6927	-0.294552	0.924162	0.243235	-2.25671	0.621984	-0.00783807	0.78299	10.8795	0	0	0	1
2946	0.745059	0.36807	-0.556248	-12.7599	-0.284371	0.929654	0.234256	-2.24211	0.603341	-0.0163538	0.797315	10.9329	0	0	0	1
2947	0.74652	0.365232	-0.556159	-12.824	-0.278378	0.930645	0.237499	-2.2251	0.604329	-0.0224751	0.796418	10.9828	0	0	0	1
2948	0.742176	0.355445	-0.568185	-12.8873	-0.268485	0.93446	0.233879	-2.20162	0.614078	-0.0210304	0.788965	11.0463	0	0	0	1
2949	0.716809	0.343318	-0.606892	-12.9555	-0.246978	0.938967	0.239463	-2.19915	0.652064	-0.0217602	0.757852	11.0999	0	0	0	1
2950	0.660491	0.362603	-0.657474	-13.0265	-0.220757	0.930737	0.29154	-2.19502	0.717648	-0.0474178	0.69479	11.1561	0	0	0	1
2951	0.606683	0.362318	-0.707574	-13.0956	-0.189608	0.930357	0.313822	-2.20124	0.772	-0.0562289	0.63313	11.1977	0	0	0	1
2952	0.551151	0.361898	-0.75184	-13.1663	-0.175972	0.931196	0.319231	-2.20149	0.815639	-0.0436417	0.576913	11.235	0	0	0	1
2953	0.508413	0.362767	-0.780971	-13.2399	-0.175369	0.931545	0.318544	-2.19465	0.843067	-0.0249935	0.537228	11.2721	0	0	0	1
