4101	0.99869	-0.00808883	0.0505299	-0.0282191	0.00898603	0.999806	-0.017554	-0.00741398	-0.0503781	0.0179851	0.998568	0.0843856	0	0	0	1
4102	0.994947	-0.0133549	0.0995079	-0.062168	0.0168309	0.999274	-0.0341746	-0.0237723	-0.0989792	0.0356767	0.99445	0.172805	0	0	0	1
4103	0.988157	-0.0126456	0.152924	-0.076426	0.0206614	0.998488	-0.0509412	-0.049441	-0.152049	0.0534975	0.986924	0.266716	0	0	0	1
4104	0.976856	0.00755397	0.213766	-0.0984608	0.00433976	0.998471	-0.0551151	-0.0599588	-0.213855	0.0547672	0.975329	0.378544	0	0	0	1
4105	0.959495	0.0515762	0.276963	-0.111512	-0.0333382	0.996978	-0.0701627	-0.068808	-0.279745	0.0580873	0.958315	0.497869	0	0	0	1
4106	0.918932	0.0387215	0.392511	-0.157381	-0.00865118	0.996909	-0.078092	-0.0887626	-0.394321	0.0683655	0.916426	0.597526	0	0	0	1
4107	0.877976	0.0279184	0.47789	-0.0736583	0.0230862	0.994667	-0.100522	-0.102653	-0.478148	0.0992888	0.872649	0.615342	0	0	0	1
4108	0.845533	0.0307506	0.533037	-0.0764621	0.0409509	0.991664	-0.122167	-0.127655	-0.532351	0.125125	0.837226	0.695577	0	0	0	1
4109	0.838058	0.0260872	0.544957	-0.0653483	0.0615007	0.987973	-0.141873	-0.136721	-0.542104	0.152413	0.826374	0.788463	0	0	0	1
4110	0.842513	0.015571	0.538451	-0.0809823	0.0920341	0.980724	-0.172366	-0.144545	-0.530756	0.194777	0.82484	0.895563	0	0	0	1
4111	0.847491	0.0124969	0.530662	-0.100534	0.0953412	0.979881	-0.17534	-0.161104	-0.522177	0.199193	0.829249	0.98106	0	0	0	1
4112	0.841648	-0.00871421	0.539956	-0.0961608	0.109461	0.981867	-0.154774	-0.187579	-0.528816	0.189369	0.827341	1.06325	0	0	0	1
4113	0.835313	-0.015377	0.549559	-0.100858	0.109809	0.984133	-0.13937	-0.215115	-0.538696	0.176764	0.823748	1.14759	0	0	0	1
4114	0.826836	-0.00908178	0.56237	-0.108735	0.100501	0.986164	-0.131837	-0.229718	-0.553392	0.165526	0.816308	1.23811	0	0	0	1
4115	0.813466	-0.00553133	0.581586	-0.116522	0.106091	0.984589	-0.139026	-0.235687	-0.571855	0.174794	0.801517	1.32147	0	0	0	1
4116	0.802541	0.00144991	0.596595	-0.135309	0.116451	0.980381	-0.159033	-0.243086	-0.585121	0.197105	0.786628	1.40193	0	0	0	1
4117	0.792303	0.00351659	0.610118	-0.150546	0.133358	0.974806	-0.178798	-0.246063	-0.595375	0.223026	0.771873	1.48964	0	0	0	1
4118	0.781115	0.00149401	0.624386	-0.166232	0.150698	0.969983	-0.190846	-0.270413	-0.605929	0.243167	0.757443	1.57413	0	0	0	1
4119	0.776056	0.0254703	0.630149	-0.172553	0.129041	0.971632	-0.198192	-0.296707	-0.617321	0.235123	0.750754	1.6597	0	0	0	1
4120	0.759901	0.0510637	0.64803	-0.16689	0.119783	0.968838	-0.216805	-0.318356	-0.638907	0.242373	0.730105	1.74546	0	0	0	1
4121	0.742881	0.0569653	0.666996	-0.150095	0.117224	0.969908	-0.213396	-0.333423	-0.65908	0.236716	0.713848	1.82863	0	0	0	1
4122	0.732852	0.051597	0.678429	-0.120458	0.115392	0.97325	-0.198668	-0.338204	-0.670531	0.22388	0.707294	1.91549	0	0	0	1
4123	0.722903	0.0306751	0.690269	-0.0790236	0.129951	0.97515	-0.17943	-0.340872	-0.67862	0.219412	0.700952	2.00933	0	0	0	1
4124	0.710631	9.81285e-05	0.703565	-0.0267042	0.148535	0.97744	-0.150163	-0.339945	-0.687707	0.211215	0.694584	2.10124	0	0	0	1
4125	0.700261	-0.0309544	0.713215	0.0339932	0.175341	0.975914	-0.1298	-0.352681	-0.692019	0.215949	0.688822	2.19427	0	0	0	1
4126	0.708968	-0.0814285	0.700524	0.124722	0.180232	0.981247	-0.0683444	-0.365822	-0.681822	0.174711	0.710348	2.27863	0	0	0	1
4127	0.714684	-0.129427	0.687369	0.172372	0.191074	0.981478	-0.0138614	-0.370022	-0.672843	0.141245	0.726177	2.34279	0	0	0	1
4128	0.721887	-0.169017	0.671054	0.234317	0.187749	0.981179	0.0451571	-0.403013	-0.666056	0.0933911	0.740032	2.433	0	0	0	1
4129	0.73246	-0.205125	0.649174	0.281692	0.174366	0.978248	0.112369	-0.429681	-0.658103	0.0308886	0.752294	2.50004	0	0	0	1
4130	0.732052	-0.222216	0.643988	0.321645	0.167403	0.974997	0.14614	-0.433855	-0.660361	0.000823922	0.750948	2.5749	0	0	0	1
4131	0.730533	-0.224239	0.645011	0.359925	0.158076	0.974423	0.159724	-0.42835	-0.66433	-0.0147232	0.747295	2.64337	0	0	0	1
4132	0.733847	-0.222995	0.641671	0.404943	0.152155	0.974543	0.164664	-0.429344	-0.662056	-0.0232046	0.749095	2.71246	0	0	0	1
4133	0.734479	-0.212433	0.644525	0.446817	0.150307	0.977077	0.150757	-0.416046	-0.661777	-0.0138514	0.749573	2.77405	0	0	0	1
4134	0.716791	-0.206564	0.665989	0.493836	0.141766	0.978337	0.150862	-0.431034	-0.682725	-0.0137219	0.730547	2.83862	0	0	0	1
4135	0.701088	-0.195716	0.68569	0.553366	0.112214	0.979896	0.164957	-0.466566	-0.70419	-0.0387056	0.708955	2.92932	0	0	0	1
4136	0.689002	-0.181056	0.70178	0.613903	0.0803464	0.981406	0.174315	-0.490675	-0.720292	-0.0637182	0.690738	3.01209	0	0	0	1
4137	0.676316	-0.197089	0.709755	0.682188	0.0851417	0.977999	0.190446	-0.494911	-0.731674	-0.0683719	0.678217	3.08629	0	0	0	1
4138	0.667631	-0.217029	0.712157	0.747089	0.103742	0.974354	0.199677	-0.496631	-0.737229	-0.0594296	0.673024	3.14249	0	0	0	1
4139	0.659778	-0.225971	0.71668	0.822024	0.11845	0.973067	0.197765	-0.494135	-0.742067	-0.0455898	0.668774	3.21246	0	0	0	1
4140	0.650881	-0.233741	0.722301	0.902095	0.129211	0.971649	0.197997	-0.487785	-0.748103	-0.0355428	0.66263	3.28031	0	0	0	1
4141	0.648765	-0.243458	0.720994	0.984973	0.143054	0.969569	0.198673	-0.500541	-0.747422	-0.0257511	0.66385	3.33277	0	0	0	1
4142	0.655518	-0.256714	0.710207	1.05382	0.161919	0.966355	0.199851	-0.484652	-0.737616	-0.01601	0.67503	3.3651	0	0	0	1
4143	0.650567	-0.305078	0.695478	1.15846	0.190582	0.952046	0.239349	-0.509468	-0.735147	-0.0231671	0.677512	3.42089	0	0	0	1
4144	0.643994	-0.322797	0.693595	1.2339	0.200115	0.946135	0.254524	-0.530121	-0.738394	-0.0251136	0.673902	3.47543	0	0	0	1
4145	0.644517	-0.330842	0.689305	1.31185	0.189708	0.942541	0.275005	-0.547879	-0.740681	-0.0464787	0.670247	3.5385	0	0	0	1
4146	0.645577	-0.320428	0.693221	1.37231	0.171496	0.945364	0.277267	-0.549627	-0.74419	-0.0601123	0.665257	3.58502	0	0	0	1
4147	0.64676	-0.295232	0.703235	1.43485	0.148449	0.953136	0.263618	-0.543522	-0.748107	-0.0661026	0.660277	3.64509	0	0	0	1
4148	0.647743	-0.271702	0.711764	1.50071	0.134783	0.960377	0.243946	-0.53162	-0.749842	-0.0620806	0.658698	3.71486	0	0	0	1
4149	0.63877	-0.248279	0.728237	1.56766	0.115887	0.966752	0.227948	-0.517653	-0.76062	-0.0612132	0.646305	3.81395	0	0	0	1
4152	0.631193	-0.248943	0.73459	1.63316	0.115128	0.966673	0.228669	-0.519977	-0.767034	-0.0597629	0.638817	3.88133	0	0	0	1
4153	0.628428	-0.258383	0.7337	1.71786	0.139088	0.965344	0.220828	-0.552502	-0.765332	-0.0367254	0.642588	3.90264	0	0	0	1
4154	0.618952	-0.238325	0.748398	1.79474	0.146782	0.971164	0.18787	-0.58207	-0.771591	-0.00643166	0.636086	3.94742	0	0	0	1
4155	0.603987	-0.221851	0.765495	1.86681	0.170124	0.974228	0.148114	-0.603628	-0.778626	0.0407705	0.626163	3.97269	0	0	0	1
4156	0.595208	-0.2048	0.777035	1.9316	0.195054	0.97488	0.107535	-0.63289	-0.779539	0.0875582	0.620204	3.95807	0	0	0	1
4157	0.596544	-0.176788	0.782867	2.002	0.244477	0.969109	0.0325548	-0.583426	-0.764439	0.171972	0.621336	3.95254	0	0	0	1
4158	0.607078	-0.20016	0.769021	2.04831	0.299022	0.954167	0.0122965	-0.636428	-0.736235	0.222489	0.639105	3.9049	0	0	0	1
4159	0.621592	-0.204454	0.756189	2.1212	0.329776	0.943926	-0.0158654	-0.6651	-0.710542	0.259235	0.654161	3.92244	0	0	0	1
4160	0.630282	-0.185958	0.753767	2.1761	0.3502	0.934604	-0.0622571	-0.717653	-0.692896	0.303208	0.654186	3.93538	0	0	0	1
4161	0.629567	-0.175861	0.756782	2.24394	0.357649	0.930307	-0.0813425	-0.819507	-0.689734	0.321872	0.648587	3.9846	0	0	0	1
4162	0.630554	-0.145546	0.762377	2.26149	0.3467	0.931634	-0.108892	-0.797239	-0.694407	0.332978	0.637906	4.01085	0	0	0	1
4163	0.631496	-0.117491	0.766425	2.28988	0.32177	0.939032	-0.121171	-0.811164	-0.705462	0.323132	0.630801	4.04013	0	0	0	1
4164	0.633062	-0.0966306	0.768046	2.31139	0.297877	0.946188	-0.126482	-0.82629	-0.714494	0.308854	0.62778	4.05703	0	0	0	1
4165	0.630183	-0.0608874	0.774056	2.33869	0.266135	0.953468	-0.141669	-0.851831	-0.729412	0.295281	0.617064	4.07453	0	0	0	1
4166	0.622861	-0.0337703	0.781603	2.3643	0.235743	0.960732	-0.146355	-0.870641	-0.745969	0.275416	0.606364	4.09578	0	0	0	1
4167	0.617292	-0.00287404	0.786729	2.38508	0.21076	0.964046	-0.161847	-0.871672	-0.757978	0.265718	0.595703	4.1117	0	0	0	1
4168	0.611036	0.0143972	0.791472	2.41814	0.191323	0.967507	-0.165305	-0.886749	-0.768134	0.252434	0.588427	4.13814	0	0	0	1
4169	0.604511	0.0220269	0.796292	2.46653	0.178559	0.970435	-0.162398	-0.895641	-0.776327	0.240357	0.582706	4.15703	0	0	0	1
4170	0.598381	0.0242128	0.800846	2.50734	0.175582	0.971284	-0.160558	-0.895866	-0.781736	0.236689	0.576947	4.16773	0	0	0	1
4171	0.597113	0.0267835	0.80171	2.56101	0.176193	0.970656	-0.163656	-0.903921	-0.782568	0.238977	0.574872	4.1868	0	0	0	1
4172	0.598755	0.0372608	0.800065	2.61097	0.170128	0.970205	-0.172505	-0.919291	-0.782655	0.239402	0.574577	4.21472	0	0	0	1
4173	0.605836	0.0595082	0.793361	2.66647	0.160923	0.967421	-0.19545	-0.922443	-0.779145	0.246081	0.576522	4.22734	0	0	0	1
4174	0.616476	0.0637551	0.784788	2.69809	0.169629	0.962557	-0.211446	-0.913274	-0.768884	0.263474	0.582579	4.20754	0	0	0	1
4175	0.62927	0.0627143	0.774652	2.76174	0.182226	0.957047	-0.225508	-0.926093	-0.755521	0.283067	0.590814	4.23656	0	0	0	1
4176	0.64902	0.0661571	0.757889	2.79435	0.189769	0.950643	-0.245492	-0.925209	-0.736723	0.303153	0.604432	4.21702	0	0	0	1
4177	0.660218	0.0618488	0.748523	2.84071	0.188147	0.951208	-0.244547	-0.946518	-0.727126	0.302287	0.616368	4.23664	0	0	0	1
4178	0.667192	0.0549023	0.742859	2.89219	0.181987	0.955044	-0.234034	-0.96566	-0.722312	0.291336	0.627207	4.27452	0	0	0	1
4179	0.672082	0.047782	0.738933	2.95165	0.176257	0.95891	-0.222317	-0.986208	-0.719193	0.279657	0.636045	4.31027	0	0	0	1
4180	0.680165	0.0398197	0.731977	3.01449	0.16902	0.963101	-0.209449	-0.98949	-0.713308	0.266179	0.648337	4.37079	0	0	0	1
4181	0.689973	0.0286646	0.723267	3.08525	0.175687	0.962704	-0.205754	-0.983525	-0.70219	0.269034	0.659204	4.42343	0	0	0	1
4182	0.696	0.0264328	0.717555	3.13702	0.172565	0.963876	-0.202888	-0.97182	-0.696997	0.265035	0.666297	4.45263	0	0	0	1
4183	0.693034	0.017554	0.720691	3.18498	0.163712	0.969752	-0.18105	-0.963021	-0.70207	0.24346	0.669197	4.50799	0	0	0	1
4184	0.707451	0.010536	0.706684	3.30687	0.163047	0.970485	-0.177693	-0.967915	-0.687698	0.240931	0.684853	4.54364	0	0	0	1
4185	0.725089	-0.00624952	0.688627	3.36174	0.175684	0.96855	-0.176197	-0.986282	-0.665868	0.24874	0.703383	4.57916	0	0	0	1
4186	0.743132	-0.0217597	0.668791	3.42963	0.179852	0.969188	-0.168311	-0.976815	-0.644522	0.245361	0.724147	4.63073	0	0	0	1
4187	0.757641	-0.0373804	0.6516	3.4954	0.177217	0.972634	-0.15026	-0.995476	-0.628151	0.229318	0.743532	4.68434	0	0	0	1
4188	0.77022	-0.0445359	0.636221	3.53727	0.166045	0.97716	-0.132616	-0.98403	-0.615784	0.207785	0.760024	4.75334	0	0	0	1
4189	0.786964	-0.0419671	0.61557	3.5946	0.148927	0.981105	-0.123506	-0.993769	-0.598755	0.18887	0.778345	4.81343	0	0	0	1
4190	0.792413	-0.027018	0.609386	3.52942	0.149107	0.977291	-0.150561	-0.804777	-0.59148	0.210171	0.778447	4.98329	0	0	0	1
4191	0.81964	-0.091034	0.5656	3.56025	0.163127	0.983509	-0.0780984	-0.875905	-0.549163	0.156277	0.820973	5.03483	0	0	0	1
4192	0.841106	-0.140683	0.522255	3.63401	0.180884	0.983148	-0.0264822	-0.915595	-0.509728	0.116742	0.852378	5.10295	0	0	0	1
4193	0.860992	-0.171909	0.478685	3.69991	0.184899	0.982548	0.0202894	-0.928038	-0.473819	0.0710392	0.877752	5.18165	0	0	0	1
4194	0.87914	-0.173951	0.443682	3.73137	0.152517	0.984736	0.0838707	-1.08305	-0.451499	-0.00606517	0.892251	5.21144	0	0	0	1
4195	0.890034	-0.15645	0.428209	3.78321	0.135437	0.987605	0.0793244	-1.07233	-0.435312	-0.012606	0.900191	5.29928	0	0	0	1
4196	0.895878	-0.137225	0.422578	3.82259	0.118837	0.990464	0.069699	-1.07731	-0.428113	-0.0122238	0.903642	5.3822	0	0	0	1
4197	0.893387	-0.113352	0.434754	3.86851	0.0978641	0.993512	0.0579309	-1.10179	-0.4385	-0.00920789	0.898684	5.46341	0	0	0	1
4198	0.881007	-0.093362	0.4638	3.91232	0.0718529	0.995368	0.063878	-1.12342	-0.467615	-0.0229516	0.883634	5.54514	0	0	0	1
4199	0.873174	-0.0574831	0.484007	3.95484	0.0322874	0.997662	0.0602392	-1.14664	-0.486338	-0.036972	0.872988	5.61522	0	0	0	1
4200	0.855713	-0.0475473	0.515262	4.0049	0.0270215	0.998517	0.0472654	-1.16902	-0.516745	-0.0265224	0.855728	5.68655	0	0	0	1
4202	0.817074	-0.0182614	0.576244	4.04649	0.0386678	0.998983	-0.0231702	-1.19001	-0.575235	0.0412138	0.816949	5.75017	0	0	0	1
4203	0.79336	0.0136954	0.608599	4.1664	0.0504378	0.994831	-0.0881367	-1.20766	-0.60666	0.100621	0.788568	5.79759	0	0	0	1
4204	0.77568	0.0457117	0.629469	4.19799	0.0562869	0.988389	-0.141137	-1.23082	-0.628612	0.144908	0.7641	5.8581	0	0	0	1
4205	0.764691	0.038536	0.643244	4.22882	0.0654876	0.988395	-0.137066	-1.27681	-0.641061	0.146937	0.753293	5.89832	0	0	0	1
4206	0.753683	0.00726065	0.657198	4.27507	0.0833129	0.990817	-0.106491	-1.30815	-0.651937	0.135013	0.746157	5.9807	0	0	0	1
4207	0.755433	-0.0171789	0.655	4.32421	0.0981283	0.991348	-0.0871741	-1.3305	-0.647836	0.130128	0.750583	6.06154	0	0	0	1
4208	0.754734	-0.0194866	0.655742	4.36259	0.0996648	0.991362	-0.0852503	-1.34464	-0.648416	0.129696	0.750157	6.13839	0	0	0	1
4209	0.74815	-0.0138833	0.663385	4.38826	0.103939	0.989891	-0.0965036	-1.35697	-0.655339	0.141151	0.74203	6.22056	0	0	0	1
4210	0.743706	-0.00650972	0.668476	4.41368	0.104604	0.988769	-0.106747	-1.36047	-0.660273	0.149313	0.736034	6.31052	0	0	0	1
4211	0.738602	0.00978372	0.674071	4.4263	0.0989059	0.987502	-0.122707	-1.3784	-0.666847	0.157301	0.728403	6.39959	0	0	0	1
4212	0.745804	0.0157051	0.66598	4.44614	0.0828959	0.989764	-0.116172	-1.39879	-0.660988	0.141849	0.736868	6.48459	0	0	0	1
4213	0.784184	0.00797621	0.620477	4.48182	0.0469985	0.996282	-0.0722059	-1.41742	-0.618745	0.0857842	0.780894	6.57349	0	0	0	1
4214	0.818836	-0.0168406	0.573781	4.52397	0.0333885	0.999275	-0.0183193	-1.43226	-0.573056	0.0341582	0.818804	6.66157	0	0	0	1
4215	0.833051	-0.055437	0.550412	4.5707	0.0468992	0.998461	0.029582	-1.43656	-0.551205	0.00117062	0.834369	6.75347	0	0	0	1
4216	0.829783	-0.0886927	0.550993	4.61639	0.065701	0.99595	0.0613727	-1.44234	-0.554205	-0.0147253	0.83225	6.83694	0	0	0	1
4217	0.816773	-0.111646	0.566055	4.66528	0.0831239	0.993634	0.0760387	-1.44139	-0.57094	-0.0150536	0.820853	6.92152	0	0	0	1
4218	0.803568	-0.129799	0.580888	4.72177	0.10004	0.991502	0.0831601	-1.43819	-0.586746	-0.00871279	0.809724	7.0055	0	0	0	1
4219	0.796909	-0.151002	0.584922	4.78076	0.121206	0.988533	0.0900641	-1.45186	-0.591815	-0.000876798	0.806074	7.08509	0	0	0	1
4220	0.797276	-0.198214	0.570142	4.83883	0.144731	0.979768	0.138233	-1.46676	-0.586007	-0.0276927	0.809833	7.17032	0	0	0	1
4221	0.790936	-0.243497	0.561363	4.89121	0.177171	0.969247	0.170794	-1.49083	-0.585688	-0.0356301	0.809753	7.24072	0	0	0	1
4222	0.786758	-0.262888	0.558482	4.93191	0.190338	0.964007	0.185639	-1.51935	-0.587183	-0.0397529	0.808477	7.30962	0	0	0	1
4223	0.78887	-0.252543	0.560274	4.96545	0.185529	0.966994	0.174645	-1.54133	-0.585887	-0.0338255	0.809686	7.3743	0	0	0	1
4224	0.787652	-0.234999	0.569543	4.99571	0.174818	0.971653	0.159149	-1.55889	-0.590798	-0.0257882	0.806407	7.4413	0	0	0	1
4225	0.781632	-0.220495	0.583467	5.02227	0.164335	0.975181	0.148377	-1.57115	-0.601702	-0.0200925	0.798468	7.51297	0	0	0	1
4226	0.770977	-0.217324	0.598636	5.0473	0.165037	0.976043	0.141786	-1.58772	-0.615107	-0.0105165	0.788373	7.5831	0	0	0	1
4227	0.753992	-0.20964	0.622533	5.08398	0.168932	0.977715	0.124643	-1.616	-0.634789	0.0111858	0.772604	7.65797	0	0	0	1
4228	0.727048	-0.223063	0.649341	5.11989	0.162875	0.974791	0.152496	-1.6558	-0.666988	-0.00511084	0.745051	7.72368	0	0	0	1
4229	0.694304	-0.222849	0.684311	5.15239	0.163413	0.974831	0.151658	-1.69108	-0.700884	0.00652885	0.713245	7.77516	0	0	0	1
4230	0.673314	-0.206393	0.709965	5.18798	0.148708	0.978428	0.143406	-1.72171	-0.724248	0.00901974	0.689481	7.82985	0	0	0	1
4231	0.654485	-0.207349	0.727087	5.22877	0.141209	0.978262	0.151869	-1.75024	-0.742771	0.00327524	0.669538	7.8787	0	0	0	1
4232	0.636393	-0.217072	0.740192	5.27238	0.146594	0.976134	0.160228	-1.77832	-0.757308	0.00653947	0.653026	7.91795	0	0	0	1
4233	0.62479	-0.225297	0.747582	5.31649	0.151633	0.974248	0.16688	-1.80875	-0.765928	0.00909365	0.642863	7.95047	0	0	0	1
4234	0.626823	-0.229491	0.744599	5.36014	0.154913	0.973269	0.169559	-1.84166	-0.763607	0.00906433	0.645618	7.97451	0	0	0	1
4235	0.636318	-0.238687	0.733572	5.40089	0.17032	0.970931	0.168179	-1.87558	-0.75239	0.0179265	0.658474	7.99495	0	0	0	1
4236	0.641666	-0.244634	0.726925	5.4362	0.186624	0.969084	0.161394	-1.90636	-0.743933	0.0321005	0.667482	8.01592	0	0	0	1
4237	0.643164	-0.246079	0.72511	5.47261	0.203491	0.967833	0.147958	-1.9379	-0.738195	0.0523918	0.67255	8.03724	0	0	0	1
4238	0.639923	-0.250075	0.726609	5.5091	0.215429	0.96603	0.142747	-1.96565	-0.737623	0.0651856	0.672059	8.06385	0	0	0	1
4239	0.638736	-0.251125	0.727291	5.54417	0.220283	0.965357	0.139864	-1.98593	-0.737219	0.0708739	0.671927	8.09636	0	0	0	1
4240	0.639865	-0.249624	0.726815	5.57782	0.222894	0.965403	0.135338	-2.00237	-0.735453	0.0754046	0.673367	8.13139	0	0	0	1
4241	0.641865	-0.259759	0.721481	5.61052	0.225854	0.963181	0.145849	-2.02336	-0.732802	0.0693335	0.6769	8.17103	0	0	0	1
4242	0.643687	-0.264958	0.717958	5.64504	0.222383	0.96243	0.155801	-2.05347	-0.732265	0.0593745	0.678426	8.20959	0	0	0	1
4243	0.643723	-0.27604	0.713738	5.67881	0.213492	0.960425	0.178898	-2.07961	-0.734876	0.037216	0.67718	8.24442	0	0	0	1
4244	0.642003	-0.264742	0.719545	5.71404	0.197855	0.963912	0.178119	-2.10651	-0.740734	0.0280123	0.671215	8.27553	0	0	0	1
4245	0.631548	-0.264093	0.728973	5.75318	0.18566	0.96436	0.188522	-2.12778	-0.75278	0.016281	0.658071	8.30562	0	0	0	1
4246	0.61604	-0.256644	0.744734	5.79555	0.17438	0.966411	0.188789	-2.145	-0.768171	0.0135653	0.640101	8.32891	0	0	0	1
4247	0.598028	-0.249252	0.761732	5.83741	0.17339	0.96814	0.180665	-2.16596	-0.782495	0.0240341	0.622193	8.34437	0	0	0	1
4248	0.593952	-0.24372	0.766696	5.88068	0.168974	0.969543	0.177299	-2.18886	-0.786555	0.0242444	0.617044	8.35916	0	0	0	1
4249	0.600915	-0.231339	0.765104	5.92266	0.175683	0.972021	0.155921	-2.22071	-0.779767	0.0407211	0.624744	8.36664	0	0	0	1
4250	0.607774	-0.226182	0.761218	5.96319	0.193199	0.971893	0.134526	-2.25055	-0.77025	0.0653057	0.63439	8.37711	0	0	0	1
4251	0.614708	-0.23679	0.752373	6.00642	0.217566	0.967771	0.126823	-2.28316	-0.758155	0.0857319	0.646414	8.39342	0	0	0	1
4252	0.619781	-0.262827	0.739455	6.05018	0.239711	0.960621	0.140521	-2.31122	-0.747268	0.0901638	0.658377	8.41417	0	0	0	1
4253	0.624205	-0.275788	0.730964	6.09043	0.246703	0.95733	0.150523	-2.32942	-0.741286	0.0863735	0.665608	8.43979	0	0	0	1
4254	0.63624	-0.265435	0.724392	6.12431	0.232076	0.961309	0.148413	-2.34086	-0.735758	0.0736871	0.673224	8.46813	0	0	0	1
4255	0.649699	-0.237189	0.722241	6.155	0.21386	0.968736	0.125759	-2.3526	-0.729489	0.0727528	0.680112	8.49761	0	0	0	1
4256	0.655777	-0.216651	0.723201	6.19417	0.204163	0.973138	0.106397	-2.37648	-0.726825	0.0778787	0.682393	8.53076	0	0	0	1
4257	0.652338	-0.217623	0.726013	6.2354	0.197676	0.97359	0.114218	-2.41026	-0.731696	0.0690062	0.678129	8.55948	0	0	0	1
4258	0.639969	-0.215287	0.737626	6.27899	0.200792	0.973449	0.109907	-2.44075	-0.741702	0.0777726	0.666205	8.58297	0	0	0	1
4259	0.626235	-0.213011	0.749971	6.32599	0.199691	0.973687	0.109809	-2.47051	-0.753627	0.0809962	0.652293	8.60637	0	0	0	1
4260	0.613474	-0.223247	0.757503	6.37554	0.196839	0.972163	0.127098	-2.49964	-0.76479	0.0711349	0.64034	8.62713	0	0	0	1
4261	0.600116	-0.235703	0.764398	6.42645	0.198236	0.969615	0.143349	-2.52218	-0.77496	0.0655053	0.628606	8.64518	0	0	0	1
4262	0.586737	-0.22417	0.778131	6.47346	0.198653	0.971402	0.130058	-2.54287	-0.785033	0.0782686	0.614489	8.65902	0	0	0	1
4263	0.586642	-0.203827	0.783776	6.51683	0.19076	0.975356	0.110869	-2.57215	-0.787059	0.0844726	0.611067	8.66786	0	0	0	1
4264	0.587222	-0.191535	0.786438	6.55896	0.196283	0.976296	0.0912129	-2.60325	-0.785266	0.100802	0.610898	8.67737	0	0	0	1
4265	0.580839	-0.164372	0.79725	6.59791	0.20744	0.976954	0.0502918	-2.63224	-0.787143	0.13617	0.601551	8.69377	0	0	0	1
4266	0.573551	-0.141233	0.806903	6.63311	0.217493	0.975927	0.0162218	-2.6632	-0.789769	0.166192	0.590462	8.71133	0	0	0	1
4267	0.571344	-0.113869	0.812773	6.66402	0.221221	0.97504	-0.018907	-2.68569	-0.790334	0.190605	0.582274	8.73609	0	0	0	1
4268	0.573976	-0.0864715	0.814294	6.69414	0.205358	0.977831	-0.0409136	-2.71083	-0.792704	0.190705	0.579009	8.76548	0	0	0	1
4269	0.571803	-0.0803582	0.816446	6.72484	0.187795	0.981588	-0.0349111	-2.7414	-0.798608	0.173287	0.576365	8.79752	0	0	0	1
4270	0.564625	-0.0761521	0.821827	6.75756	0.177676	0.983603	-0.0309275	-2.77486	-0.805996	0.163482	0.568897	8.82689	0	0	0	1
4271	0.557089	-0.0621404	0.828124	6.79273	0.163994	0.985791	-0.0363493	-2.80298	-0.814099	0.156057	0.559365	8.85458	0	0	0	1
4272	0.541284	-0.0555082	0.839005	6.83353	0.159245	0.986528	-0.0374688	-2.82739	-0.825622	0.153889	0.542831	8.87687	0	0	0	1
4273	0.523629	-0.0469287	0.850653	6.88361	0.154856	0.987091	-0.040868	-2.84828	-0.837754	0.153129	0.524137	8.89949	0	0	0	1
4274	0.505494	-0.0451177	0.86165	6.94128	0.147371	0.988473	-0.034698	-2.86778	-0.850152	0.144522	0.506316	8.91872	0	0	0	1
4275	0.493917	-0.0494431	0.868102	6.99968	0.14478	0.989121	-0.0260387	-2.89328	-0.857371	0.138545	0.495702	8.93455	0	0	0	1
4276	0.498043	-0.0604959	0.86504	7.06071	0.146793	0.989048	-0.0153472	-2.91779	-0.854637	0.134625	0.501469	8.94743	0	0	0	1
4277	0.513275	-0.0862879	0.853875	7.119	0.167109	0.985938	-0.000817808	-2.94087	-0.841798	0.14311	0.520477	8.96051	0	0	0	1
4278	0.529398	-0.115905	0.840419	7.17912	0.200072	0.979739	0.00908899	-2.9624	-0.824445	0.163333	0.541861	8.979	0	0	0	1
4279	0.542746	-0.148396	0.826683	7.23397	0.228892	0.973146	0.0244113	-2.98755	-0.808106	0.175972	0.562138	8.99921	0	0	0	1
4280	0.547859	-0.175025	0.818057	7.28532	0.248279	0.967829	0.0407948	-3.00814	-0.79888	0.180756	0.573689	9.02527	0	0	0	1
4281	0.552976	-0.194644	0.810143	7.33077	0.255881	0.965015	0.0571976	-3.02227	-0.792933	0.175671	0.583436	9.05613	0	0	0	1
4282	0.559699	-0.195428	0.805323	7.37252	0.250789	0.96617	0.0601628	-3.0322	-0.789837	0.168293	0.589776	9.09012	0	0	0	1
4283	0.566892	-0.184671	0.802826	7.41244	0.240446	0.969206	0.0531595	-3.04855	-0.787921	0.1629	0.593839	9.13022	0	0	0	1
4284	0.574514	-0.182106	0.797979	7.45732	0.229623	0.971643	0.0564181	-3.07847	-0.785625	0.150821	0.600038	9.17086	0	0	0	1
4285	0.585986	-0.212727	0.7819	7.51248	0.211238	0.971665	0.106045	-3.10673	-0.782303	0.103026	0.614319	9.21718	0	0	0	1
4286	0.5986	-0.247875	0.761732	7.5664	0.192132	0.967589	0.163877	-3.12848	-0.777665	0.0482565	0.626824	9.25868	0	0	0	1
4287	0.610735	-0.272688	0.743401	7.61964	0.19589	0.961681	0.191823	-3.14957	-0.767222	0.0284718	0.640749	9.29349	0	0	0	1
4288	0.616795	-0.291436	0.731184	7.67682	0.201149	0.956446	0.211541	-3.15702	-0.760989	0.0165993	0.648553	9.33116	0	0	0	1
4289	0.614295	-0.317968	0.722176	7.73553	0.20667	0.948101	0.241644	-3.15696	-0.761531	0.000811964	0.648128	9.37006	0	0	0	1
4290	0.604127	-0.341938	0.719798	7.7992	0.211706	0.93967	0.268702	-3.15195	-0.768252	-0.00994462	0.64007	9.40668	0	0	0	1
4291	0.602613	-0.345969	0.719141	7.86676	0.202209	0.937929	0.281781	-3.15847	-0.771991	-0.0243883	0.635166	9.43592	0	0	0	1
4292	0.609225	-0.349114	0.712014	7.93699	0.197707	0.936393	0.289965	-3.18377	-0.767956	-0.0358839	0.639496	9.45931	0	0	0	1
4293	0.613126	-0.37042	0.697758	8.00373	0.219109	0.928339	0.300295	-3.21852	-0.758991	-0.0312339	0.650351	9.4767	0	0	0	1
4294	0.618251	-0.368319	0.694339	8.06034	0.239996	0.929679	0.279461	-3.25419	-0.748443	-0.00613845	0.66317	9.49463	0	0	0	1
4295	0.627631	-0.360974	0.689767	8.11482	0.258828	0.932359	0.252416	-3.29032	-0.734226	0.020107	0.678607	9.5152	0	0	0	1
4296	0.646446	-0.348129	0.678906	8.1692	0.256293	0.937209	0.236543	-3.31548	-0.718625	0.0210868	0.695078	9.54859	0	0	0	1
4297	0.660088	-0.33997	0.669854	8.22707	0.246696	0.940376	0.234168	-3.33014	-0.709525	0.0106789	0.704599	9.59262	0	0	0	1
4298	0.667624	-0.337405	0.663653	8.28574	0.236735	0.941353	0.240437	-3.33143	-0.705857	-0.00341129	0.708346	9.64705	0	0	0	1
4299	0.679469	-0.327809	0.656402	8.34373	0.224987	0.944631	0.238859	-3.32204	-0.698358	-0.014615	0.7156	9.70792	0	0	0	1
4300	0.680347	-0.325036	0.656871	8.40497	0.224387	0.945615	0.235508	-3.31919	-0.697695	-0.0128338	0.71628	9.77318	0	0	0	1
4301	0.678732	-0.318348	0.661799	8.47138	0.20557	0.947493	0.244946	-3.32884	-0.705027	-0.0302069	0.708536	9.83943	0	0	0	1
4302	0.667402	-0.33232	0.666437	8.54109	0.178975	0.940257	0.289627	-3.33849	-0.722871	-0.0740218	0.687006	9.8977	0	0	0	1
4303	0.647671	-0.345034	0.679318	8.61055	0.185099	0.93613	0.298996	-3.35722	-0.739094	-0.0679101	0.67017	9.94009	0	0	0	1
4304	0.638779	-0.346128	0.687136	8.67526	0.192278	0.93657	0.293028	-3.37033	-0.744976	-0.0550589	0.664815	9.97667	0	0	0	1
4305	0.626462	-0.329482	0.70639	8.73726	0.197786	0.943799	0.26481	-3.37968	-0.75394	-0.0261795	0.656421	10.0088	0	0	0	1
4306	0.612183	-0.303218	0.730267	8.79878	0.200349	0.952896	0.227705	-3.38664	-0.764913	0.00691139	0.644096	10.0376	0	0	0	1
4307	0.60573	-0.281255	0.744303	8.86291	0.198348	0.959285	0.201072	-3.39991	-0.770552	0.0258357	0.636854	10.0602	0	0	0	1
4308	0.611238	-0.280183	0.740193	8.93096	0.210529	0.959105	0.189196	-3.43084	-0.762933	0.0401886	0.645228	10.0796	0	0	0	1
4309	0.617015	-0.297288	0.728637	8.99308	0.239312	0.952931	0.18615	-3.46756	-0.749681	0.0595146	0.659117	10.0971	0	0	0	1
4310	0.616841	-0.291271	0.73121	9.04719	0.267695	0.951262	0.153102	-3.50345	-0.740166	0.101302	0.66475	10.1126	0	0	0	1
4311	0.627988	-0.270023	0.729876	9.09252	0.269789	0.955252	0.121275	-3.53232	-0.729962	0.120753	0.672736	10.1358	0	0	0	1
4312	0.641126	-0.255531	0.723644	9.13578	0.265023	0.958648	0.103713	-3.54577	-0.720222	0.125289	0.682336	10.1652	0	0	0	1
4313	0.653601	-0.239205	0.718044	9.1737	0.25702	0.96251	0.086692	-3.5552	-0.711861	0.12789	0.690578	10.1982	0	0	0	1
4314	0.660442	-0.222505	0.717153	9.21148	0.246994	0.966312	0.0723467	-3.57019	-0.709091	0.129352	0.693151	10.2337	0	0	0	1
4315	0.646478	-0.201831	0.735752	9.25208	0.228159	0.971385	0.0659955	-3.59523	-0.728018	0.125203	0.674028	10.2694	0	0	0	1
4316	0.618158	-0.197451	0.760851	9.29524	0.206248	0.974766	0.0853972	-3.62309	-0.758514	0.104135	0.643283	10.302	0	0	0	1
4317	0.5924	-0.213089	0.776953	9.34099	0.1942	0.973719	0.118984	-3.64935	-0.781888	0.0803979	0.618213	10.3301	0	0	0	1
4318	0.571716	-0.200926	0.795468	9.38144	0.191885	0.975405	0.108465	-3.67488	-0.797697	0.0906268	0.59621	10.3486	0	0	0	1
4319	0.555688	-0.182752	0.811056	9.42129	0.188039	0.977889	0.0915099	-3.69447	-0.809847	0.101659	0.577766	10.3662	0	0	0	1
4320	0.545481	-0.167381	0.821239	9.46345	0.183914	0.979878	0.0775552	-3.71574	-0.817696	0.108733	0.565288	10.3836	0	0	0	1
4321	0.540957	-0.163212	0.825062	9.5089	0.178058	0.980978	0.0773106	-3.74492	-0.821986	0.105087	0.559728	10.3979	0	0	0	1
4322	0.54154	-0.166277	0.824067	9.55717	0.178154	0.980679	0.0808026	-3.77858	-0.821581	0.103053	0.5607	10.4119	0	0	0	1
4323	0.546637	-0.180831	0.817611	9.60009	0.194894	0.977065	0.0857955	-3.80932	-0.814373	0.112448	0.569343	10.4245	0	0	0	1
4324	0.551355	-0.189106	0.812555	9.6414	0.216202	0.973085	0.079763	-3.83992	-0.805769	0.131699	0.577401	10.4423	0	0	0	1
4325	0.558387	-0.187002	0.808229	9.67827	0.228104	0.971319	0.0671448	-3.86775	-0.797604	0.146867	0.585027	10.4639	0	0	0	1
4326	0.564381	-0.182034	0.805194	9.70991	0.23156	0.971135	0.0572432	-3.8827	-0.792373	0.154144	0.590242	10.4931	0	0	0	1
4327	0.57519	-0.171325	0.799878	9.73686	0.22685	0.972878	0.0452521	-3.89317	-0.785936	0.155424	0.598454	10.527	0	0	0	1
4328	0.586137	-0.166734	0.79287	9.76476	0.224294	0.973742	0.0389576	-3.90836	-0.778547	0.155002	0.608144	10.5645	0	0	0	1
4329	0.595511	-0.157959	0.787664	9.79394	0.211199	0.976772	0.0362066	-3.93716	-0.775088	0.144793	0.61504	10.6011	0	0	0	1
4330	0.602104	-0.143965	0.785331	9.82779	0.177101	0.983188	0.0444546	-3.97048	-0.778528	0.112316	0.617478	10.636	0	0	0	1
4331	0.597426	-0.134513	0.790562	9.86478	0.157278	0.98634	0.0489701	-4.00473	-0.786349	0.0950818	0.610421	10.6628	0	0	0	1
4332	0.591151	-0.123908	0.796986	9.91007	0.145237	0.98833	0.0459292	-4.02925	-0.793377	0.0886011	0.602249	10.6857	0	0	0	1
4333	0.574876	-0.123888	0.808807	9.95908	0.138032	0.988988	0.0533776	-4.04019	-0.806514	0.080956	0.585646	10.7062	0	0	0	1
4334	0.546226	-0.138589	0.826094	10.0155	0.142384	0.987228	0.0714748	-4.04113	-0.825448	0.0785809	0.558982	10.7252	0	0	0	1
4335	0.527108	-0.154357	0.835662	10.0739	0.148944	0.984924	0.0879785	-4.0487	-0.836644	0.0780924	0.542152	10.7378	0	0	0	1
4336	0.525198	-0.170517	0.833722	10.1324	0.149575	0.982964	0.106817	-4.06894	-0.837732	0.0686043	0.541755	10.7461	0	0	0	1
4337	0.526207	-0.197146	0.827188	10.1888	0.161567	0.978214	0.130362	-4.10184	-0.834867	0.0650491	0.546595	10.7524	0	0	0	1
4338	0.524283	-0.218078	0.823146	10.2414	0.180513	0.973145	0.142844	-4.13608	-0.832191	0.0736982	0.549569	10.7617	0	0	0	1
4339	0.527203	-0.2201	0.820739	10.2875	0.184468	0.972483	0.1423	-4.16548	-0.829475	0.0763793	0.553297	10.7783	0	0	0	1
4340	0.523577	-0.225723	0.821533	10.3273	0.186714	0.971224	0.147856	-4.18267	-0.831267	0.0759778	0.550656	10.7976	0	0	0	1
4341	0.519686	-0.223447	0.82462	10.3665	0.186963	0.971542	0.145432	-4.1891	-0.83365	0.0785945	0.546673	10.8242	0	0	0	1
4342	0.518711	-0.220544	0.826014	10.4055	0.187045	0.972024	0.14207	-4.19709	-0.834238	0.0808088	0.545452	10.8525	0	0	0	1
4343	0.515622	-0.226487	0.82634	10.448	0.176886	0.971793	0.15598	-4.21204	-0.838359	0.0657417	0.54114	10.8841	0	0	0	1
4344	0.500044	-0.231511	0.834481	10.4973	0.157289	0.971856	0.175371	-4.23842	-0.851596	0.043562	0.522385	10.9153	0	0	0	1
4345	0.468608	-0.239063	0.850444	10.5483	0.129382	0.97088	0.201626	-4.2637	-0.87388	0.0155483	0.485893	10.9399	0	0	0	1
4346	0.419893	-0.244934	0.873898	10.6059	0.107569	0.969539	0.220054	-4.28227	-0.901176	0.00160532	0.43345	10.9568	0	0	0	1
4347	0.370388	-0.258448	0.892198	10.6626	0.0927346	0.966002	0.241329	-4.29538	-0.924237	-0.00664786	0.381763	10.9673	0	0	0	1
4348	0.321718	-0.266381	0.908592	10.7159	0.0834476	0.963852	0.253034	-4.30017	-0.943151	-0.00558594	0.332317	10.9675	0	0	0	1
4349	0.27245	-0.270229	0.923443	10.7741	0.0945007	0.962626	0.253814	-4.29953	-0.957518	0.0181144	0.287804	10.9623	0	0	0	1
4350	0.26047	-0.272177	0.926323	10.8324	0.109149	0.961592	0.251849	-4.31195	-0.959292	0.0355082	0.280174	10.9499	0	0	0	1
4351	0.265717	-0.289627	0.919517	10.8956	0.136783	0.955482	0.261428	-4.33801	-0.954298	0.0563086	0.293504	10.9375	0	0	0	1
4352	0.275906	-0.319263	0.906613	10.9496	0.183604	0.943362	0.276329	-4.37399	-0.943486	0.0902168	0.318897	10.9338	0	0	0	1
4353	0.29625	-0.322354	0.899068	10.9952	0.211137	0.940139	0.267508	-4.40932	-0.931481	0.110578	0.346577	10.9316	0	0	0	1
4354	0.314617	-0.31954	0.893818	11.0423	0.227767	0.939539	0.255713	-4.42864	-0.921487	0.123131	0.368376	10.9429	0	0	0	1
4355	0.339262	-0.309001	0.888493	11.0824	0.232458	0.942756	0.239111	-4.4398	-0.911518	0.125417	0.391671	10.9623	0	0	0	1
4356	0.367909	-0.287572	0.884277	11.1201	0.228253	0.94981	0.213918	-4.44489	-0.901412	0.123137	0.415082	10.9856	0	0	0	1
4357	0.394836	-0.271862	0.877608	11.1562	0.22437	0.954828	0.194839	-4.46149	-0.890934	0.119979	0.437998	11.0073	0	0	0	1
4358	0.415901	-0.264402	0.870125	11.2007	0.218331	0.957849	0.186701	-4.48853	-0.882812	0.112327	0.456097	11.0303	0	0	0	1
4359	0.42568	-0.256559	0.867741	11.2461	0.197277	0.962209	0.187713	-4.52056	-0.883107	0.0912792	0.460206	11.0483	0	0	0	1
4360	0.429373	-0.231536	0.872943	11.292	0.174295	0.969651	0.171457	-4.5541	-0.886149	0.0785309	0.456698	11.0607	0	0	0	1
4361	0.426481	-0.212616	0.879152	11.3464	0.163625	0.974079	0.156198	-4.56888	-0.889574	0.0772359	0.450215	11.0762	0	0	0	1
4362	0.42315	-0.20786	0.881895	11.3967	0.158544	0.975299	0.153803	-4.57613	-0.892081	0.0747373	0.445653	11.0837	0	0	0	1
4363	0.415985	-0.203482	0.886313	11.4505	0.165478	0.975309	0.146249	-4.57821	-0.894189	0.0858279	0.439386	11.0897	0	0	0	1
4364	0.418882	-0.200382	0.885655	11.5071	0.169971	0.975411	0.140299	-4.58722	-0.891991	0.0917666	0.442641	11.0898	0	0	0	1
4365	0.429375	-0.198844	0.880964	11.5674	0.183184	0.97436	0.130642	-4.61181	-0.884353	0.105284	0.454791	11.0887	0	0	0	1
4366	0.438022	-0.21064	0.873938	11.6224	0.215226	0.96846	0.12555	-4.63794	-0.87282	0.1331	0.469542	11.0878	0	0	0	1
4367	0.451818	-0.20953	0.867155	11.6739	0.242499	0.964272	0.106646	-4.66723	-0.858519	0.1621	0.486486	11.0941	0	0	0	1
4368	0.473022	-0.209478	0.855786	11.7247	0.254909	0.962321	0.0946588	-4.68972	-0.843369	0.173372	0.508596	11.1066	0	0	0	1
4369	0.490615	-0.219905	0.843172	11.7748	0.259277	0.960645	0.099677	-4.70179	-0.831908	0.169712	0.528324	11.1304	0	0	0	1
4370	0.508315	-0.220039	0.832585	11.8228	0.25973	0.960958	0.0953946	-4.70067	-0.82107	0.167756	0.545621	11.1602	0	0	0	1
4371	0.53801	-0.209381	0.81652	11.8694	0.252778	0.964154	0.0806817	-4.705	-0.804144	0.162991	0.571652	11.1967	0	0	0	1
4372	0.583636	-0.19922	0.787197	11.913	0.243808	0.9677	0.0641395	-4.7269	-0.774549	0.154491	0.613357	11.2285	0	0	0	1
4373	0.63711	-0.213637	0.740574	11.9562	0.23115	0.969554	0.0808356	-4.75033	-0.735296	0.119683	0.667095	11.2609	0	0	0	1
4374	0.680396	-0.232762	0.694898	12.0103	0.226532	0.968582	0.10263	-4.77335	-0.696954	0.0875874	0.711747	11.2923	0	0	0	1
4375	0.6927	-0.231219	0.683157	12.0662	0.226239	0.96907	0.0985882	-4.79925	-0.684823	0.0862648	0.723586	11.3134	0	0	0	1
4376	0.673851	-0.231508	0.701662	12.1274	0.232918	0.967783	0.0956267	-4.8126	-0.701195	0.0989914	0.706064	11.3346	0	0	0	1
4377	0.634308	-0.223315	0.740124	12.1813	0.227003	0.96897	0.0978155	-4.80065	-0.739001	0.105965	0.665318	11.3513	0	0	0	1
4378	0.60305	-0.196899	0.773021	12.2403	0.212987	0.973622	0.0818394	-4.77848	-0.768744	0.11529	0.62908	11.3706	0	0	0	1
4379	0.583973	-0.162073	0.795429	12.3025	0.193475	0.979418	0.0575195	-4.75124	-0.78838	0.120306	0.603311	11.3903	0	0	0	1
4380	0.573158	-0.11789	0.81092	12.3695	0.167217	0.985601	0.0250963	-4.73296	-0.802202	0.121215	0.584618	11.4037	0	0	0	1
4381	0.565756	-0.094726	0.819113	12.445	0.162054	0.986779	0.00218598	-4.73377	-0.808491	0.131504	0.573628	11.4128	0	0	0	1
4382	0.557202	-0.120657	0.821564	12.5256	0.192868	0.981135	0.0132848	-4.73986	-0.807668	0.151051	0.569962	11.4266	0	0	0	1
4383	0.561661	-0.13838	0.815713	12.5999	0.212021	0.977065	0.0197642	-4.74766	-0.79974	0.161848	0.578119	11.4423	0	0	0	1
4384	0.566576	-0.159326	0.808459	12.6777	0.221485	0.974468	0.0368232	-4.75425	-0.793685	0.158199	0.587399	11.4653	0	0	0	1
4385	0.568404	-0.176746	0.80354	12.7453	0.224519	0.972906	0.0551802	-4.74285	-0.791522	0.149046	0.592687	11.4912	0	0	0	1
4386	0.572425	-0.175116	0.801039	12.8092	0.215122	0.974781	0.0593708	-4.71691	-0.791234	0.138336	0.595661	11.5243	0	0	0	1
4387	0.573543	-0.164979	0.80239	12.8689	0.202527	0.97766	0.0562509	-4.68499	-0.793745	0.130243	0.594143	11.5578	0	0	0	1
4388	0.569729	-0.154067	0.807262	12.9418	0.197658	0.979126	0.047369	-4.66436	-0.797709	0.132574	0.588289	11.5969	0	0	0	1
4389	0.56297	-0.129856	0.816212	13.0166	0.184858	0.982344	0.0287839	-4.65959	-0.805539	0.134679	0.577034	11.6344	0	0	0	1
4390	0.5522	-0.137007	0.822377	13.0969	0.164769	0.984883	0.0534428	-4.65585	-0.817268	0.105991	0.566427	11.6741	0	0	0	1
4391	0.550551	-0.133611	0.82404	13.1738	0.13777	0.988116	0.0681683	-4.65625	-0.823354	0.0759978	0.562416	11.7032	0	0	0	1
4392	0.545989	-0.130285	0.8276	13.2496	0.135711	0.988542	0.066089	-4.65658	-0.826728	0.0762309	0.557414	11.7254	0	0	0	1
4393	0.544104	-0.128256	0.829157	13.3309	0.142152	0.988052	0.0595528	-4.65185	-0.826888	0.0854633	0.555835	11.7523	0	0	0	1
4394	0.54509	-0.115374	0.830401	13.4078	0.146878	0.988309	0.0409002	-4.63579	-0.825411	0.0996732	0.555663	11.7738	0	0	0	1
4395	0.543289	-0.109822	0.832332	13.4891	0.154882	0.987501	0.0292001	-4.60755	-0.825135	0.113049	0.553508	11.7981	0	0	0	1
4396	0.547097	-0.0950771	0.831652	13.5661	0.153361	0.988096	0.0120749	-4.57718	-0.822901	0.120937	0.555166	11.8094	0	0	0	1
4397	0.561414	-0.0822299	0.82344	13.6496	0.157846	0.987423	-0.00901273	-4.56515	-0.812342	0.135037	0.567332	11.8258	0	0	0	1
4398	0.572317	-0.114399	0.812013	13.7389	0.188402	0.982076	0.00556989	-4.56378	-0.798096	0.149797	0.583612	11.8495	0	0	0	1
4399	0.582572	-0.142743	0.800147	13.8213	0.233847	0.972268	0.00318955	-4.57532	-0.778412	0.185254	0.599796	11.8778	0	0	0	1
4400	0.617421	-0.161325	0.769912	13.8938	0.251211	0.967932	0.00136269	-4.58314	-0.745442	0.192569	0.638148	11.9141	0	0	0	1
4401	0.660823	-0.177003	0.729372	13.96	0.249444	0.968347	0.00899697	-4.58045	-0.707878	0.175992	0.684058	11.9635	0	0	0	1
4402	0.690515	-0.179084	0.700798	14.021	0.243052	0.969977	0.00838463	-4.56674	-0.681259	0.164541	0.713311	12.016	0	0	0	1
4403	0.708946	-0.168295	0.684888	14.0745	0.233582	0.972333	-0.00286007	-4.54681	-0.665458	0.162005	0.728642	12.0721	0	0	0	1
4404	0.720644	-0.150785	0.67671	14.128	0.219086	0.975575	-0.015932	-4.53341	-0.657779	0.159739	0.736078	12.138	0	0	0	1
4405	0.716817	-0.125173	0.685933	14.183	0.195013	0.980485	-0.0248687	-4.53261	-0.669435	0.151592	0.727239	12.2044	0	0	0	1
4406	0.692822	-0.118467	0.711311	14.2431	0.169065	0.985605	-0.000520289	-4.53548	-0.701009	0.120618	0.702878	12.268	0	0	0	1
4407	0.675355	-0.0956775	0.73126	14.306	0.137036	0.990561	0.00304507	-4.54244	-0.724649	0.0981522	0.682092	12.3291	0	0	0	1
