761	0.999707	-0.00720347	-0.0231208	0.0150329	0.00702424	0.999945	-0.00782375	-0.0239713	0.0231759	0.00765905	0.999702	0.0762696	0	0	0	1
762	0.999023	-0.00612035	-0.0437763	0.021951	0.00474621	0.999495	-0.0314254	-0.0341096	0.0439465	0.031187	0.998547	0.15667	0	0	0	1
763	0.998613	-0.00720103	-0.0521498	0.0385357	0.00475409	0.998889	-0.0468943	-0.0590944	0.0524295	0.0465814	0.997538	0.229909	0	0	0	1
764	0.999032	-0.00726396	-0.0433955	0.0557248	0.00512058	0.998771	-0.0493005	-0.0624922	0.0437003	0.0490306	0.997841	0.339598	0	0	0	1
765	0.999241	0.00499856	-0.0386195	0.06149	-0.0064893	0.999235	-0.0385725	-0.0638977	0.0383972	0.0387938	0.998509	0.460548	0	0	0	1
766	0.998888	0.00949359	-0.0461901	0.0751911	-0.00958659	0.999952	-0.00179231	-0.0868	0.0461709	0.00223312	0.998931	0.570047	0	0	0	1
767	0.998301	-0.00410416	-0.0581245	0.0782731	0.00520185	0.999811	0.0187465	-0.120422	0.0580366	-0.019017	0.998133	0.669529	0	0	0	1
768	0.997266	-0.00634333	-0.0736275	0.0749189	0.00904117	0.999298	0.0363665	-0.144745	0.0733451	-0.0369328	0.996623	0.774095	0	0	0	1
769	0.99634	0.011527	-0.0846965	0.0642982	-0.00732375	0.998734	0.0497719	-0.156973	0.085163	-0.0489694	0.995163	0.8767	0	0	0	1
770	0.995805	0.0221383	-0.0887857	0.0563019	-0.0167925	0.998026	0.060511	-0.168802	0.0899501	-0.0587662	0.994211	0.974199	0	0	0	1
771	0.99542	0.026733	-0.0917792	0.0456517	-0.02175	0.998257	0.054871	-0.177141	0.093086	-0.0526235	0.994266	1.06686	0	0	0	1
772	0.995431	0.0338166	-0.0892987	0.032443	-0.0303503	0.998743	0.0398937	-0.200394	0.0905355	-0.0370012	0.995206	1.16312	0	0	0	1
773	0.996333	0.0418514	-0.0746305	0.0135724	-0.0395444	0.998701	0.0321269	-0.234222	0.0758782	-0.0290579	0.996694	1.25379	0	0	0	1
774	0.995614	0.0707079	-0.0612708	0.00184349	-0.069916	0.99744	0.0149762	-0.268326	0.0621729	-0.0106267	0.998009	1.34706	0	0	0	1
775	0.994703	0.0930445	-0.0436915	0.0054116	-0.092456	0.995599	0.0153059	-0.289626	0.0449233	-0.0111853	0.998928	1.44336	0	0	0	1
776	0.995905	0.0871436	-0.024063	0.00250766	-0.0869876	0.996181	0.00745622	-0.311663	0.0246208	-0.00533251	0.999683	1.53474	0	0	0	1
777	0.997371	0.0704092	-0.0171176	0.0111923	-0.0704995	0.997501	-0.00473207	-0.327439	0.0167417	0.00592641	0.999842	1.63368	0	0	0	1
778	0.998627	0.0503028	-0.0145924	0.0154694	-0.0503904	0.998713	-0.00569525	-0.330245	0.0142872	0.00642275	0.999877	1.7404	0	0	0	1
779	0.999527	0.0260643	-0.0163502	0.0348103	-0.0258706	0.999594	0.0119467	-0.344338	0.0166549	-0.0115181	0.999795	1.85374	0	0	0	1
780	0.999759	0.00485938	-0.0214245	0.0483591	-0.00419099	0.999506	0.0311328	-0.374785	0.0215652	-0.0310355	0.999286	1.9592	0	0	0	1
781	0.999186	-0.0250537	-0.031602	0.0599303	0.0270334	0.997593	0.0638578	-0.399771	0.029926	-0.0646602	0.997459	2.07087	0	0	0	1
782	0.998066	-0.0496057	-0.0374531	0.0592647	0.0522587	0.995922	0.0735373	-0.436364	0.0336525	-0.0753523	0.996589	2.16306	0	0	0	1
783	0.997031	-0.0596073	-0.048749	0.0624254	0.0638951	0.993732	0.0917292	-0.476541	0.0429757	-0.0945717	0.99459	2.24714	0	0	0	1
784	0.99704	-0.0527842	-0.055904	0.0597869	0.0581914	0.993286	0.0999808	-0.500581	0.0502513	-0.102938	0.993418	2.33834	0	0	0	1
785	0.997798	-0.045173	-0.0485733	0.0528194	0.0494047	0.994736	0.0897752	-0.498128	0.0442622	-0.0919772	0.994777	2.44216	0	0	0	1
786	0.99798	-0.0438915	-0.0459297	0.0500939	0.0477828	0.995029	0.0873702	-0.509381	0.0418666	-0.0893883	0.995117	2.53568	0	0	0	1
787	0.997722	-0.0416229	-0.0530876	0.0413385	0.0461349	0.995156	0.0868092	-0.522716	0.0492172	-0.0890606	0.994809	2.63205	0	0	0	1
788	0.998473	-0.0309989	-0.0457222	0.0322252	0.034969	0.995439	0.0887546	-0.532953	0.0427624	-0.090218	0.995004	2.74046	0	0	0	1
789	0.999392	-0.0208324	-0.0279469	0.0272179	0.0235563	0.99461	0.100973	-0.558667	0.0256927	-0.10157	0.994497	2.83771	0	0	0	1
790	0.999928	0.00224793	-0.0117785	0.028192	-0.00107528	0.995123	0.098634	-0.587236	0.0119428	-0.0986142	0.995054	2.92419	0	0	0	1
791	0.99998	-0.0040769	0.00473902	0.0369682	0.00357351	0.994802	0.101767	-0.613558	-0.00512928	-0.101748	0.994797	3.01413	0	0	0	1
792	0.999684	-0.014784	0.0203498	0.0458772	0.0129091	0.995915	0.0893679	-0.627197	-0.0215879	-0.0890769	0.995791	3.10184	0	0	0	1
793	0.999023	-0.0254396	0.0361456	0.0549131	0.0224105	0.996391	0.0818702	-0.644736	-0.0380979	-0.0809802	0.995987	3.18945	0	0	0	1
794	0.9984	-0.0341436	0.0450787	0.0697367	0.0303037	0.996066	0.0832763	-0.658736	-0.0477447	-0.081777	0.995506	3.28157	0	0	0	1
795	0.997786	-0.0466632	0.0473926	0.0864118	0.0429827	0.996188	0.0759133	-0.680247	-0.0507543	-0.0737082	0.995987	3.37608	0	0	0	1
796	0.998551	-0.043231	0.0320547	0.101322	0.0406798	0.996249	0.0763691	-0.713553	-0.035236	-0.0749544	0.996564	3.45816	0	0	0	1
797	0.998556	-0.0518749	0.0139482	0.124979	0.0506676	0.995805	0.0761934	-0.741652	-0.0178422	-0.0753766	0.996996	3.54483	0	0	0	1
798	0.997855	-0.0646698	0.0101361	0.133657	0.0637653	0.995307	0.0727819	-0.77579	-0.0147953	-0.0719794	0.997296	3.63164	0	0	0	1
799	0.997886	-0.0642455	0.00978896	0.131424	0.0631398	0.994118	0.0879921	-0.792577	-0.0153845	-0.087188	0.996073	3.72532	0	0	0	1
800	0.998642	-0.0513012	0.00904152	0.127357	0.0501904	0.994052	0.0966505	-0.804773	-0.013946	-0.0960655	0.995277	3.81328	0	0	0	1
801	0.998857	-0.0473642	0.00634635	0.128454	0.0465549	0.994443	0.0944222	-0.813357	-0.0107833	-0.0940189	0.995512	3.90919	0	0	0	1
802	0.998954	-0.0455741	0.00371432	0.121999	0.0450249	0.994566	0.0938708	-0.817231	-0.00797221	-0.0936054	0.995577	4.01357	0	0	0	1
803	0.999137	-0.0410654	0.00615894	0.118064	0.0403098	0.994792	0.0936169	-0.83737	-0.00997129	-0.0932879	0.995589	4.10521	0	0	0	1
804	0.998892	-0.0403902	0.0241583	0.113307	0.0379631	0.994881	0.0936498	-0.858394	-0.0278172	-0.0926289	0.995312	4.19345	0	0	0	1
805	0.998892	-0.0222603	0.0414708	0.114101	0.0184425	0.995746	0.090271	-0.879705	-0.0433038	-0.0894062	0.995053	4.28309	0	0	0	1
806	0.998313	-0.00668245	0.0576709	0.114528	0.000935389	0.995076	0.0991094	-0.905591	-0.0580493	-0.0988883	0.993404	4.37577	0	0	0	1
807	0.997011	-0.0162473	0.0755366	0.121073	0.00775611	0.993748	0.111374	-0.921248	-0.0768739	-0.110455	0.990904	4.47275	0	0	0	1
808	0.99529	-0.027829	0.0928602	0.128611	0.0171353	0.99333	0.114029	-0.932913	-0.0954141	-0.111901	0.989128	4.5661	0	0	0	1
809	0.993376	-0.0301235	0.110889	0.136082	0.018757	0.994592	0.102155	-0.944743	-0.113366	-0.0993982	0.988569	4.6533	0	0	0	1
810	0.992125	-0.0339005	0.120576	0.159923	0.0231686	0.995734	0.0893191	-0.954467	-0.12309	-0.0858221	0.988678	4.74288	0	0	0	1
811	0.99292	-0.0400912	0.111815	0.196715	0.030677	0.995936	0.0846805	-0.972772	-0.114755	-0.0806509	0.990115	4.84307	0	0	0	1
812	0.995156	-0.0391809	0.0901618	0.209425	0.0300846	0.99452	0.100123	-0.983934	-0.0935906	-0.0969256	0.990882	4.94557	0	0	0	1
813	0.993521	-0.0720151	0.0879162	0.236879	0.0613119	0.991012	0.118898	-1.01746	-0.0956884	-0.112738	0.989007	5.03193	0	0	0	1
814	0.992875	-0.0856937	0.0827946	0.250163	0.0725984	0.986025	0.149949	-1.04965	-0.0944873	-0.14287	0.985221	5.11787	0	0	0	1
815	0.994169	-0.0754914	0.0770056	0.249362	0.0618751	0.984182	0.166001	-1.07285	-0.0883192	-0.160269	0.983114	5.18941	0	0	0	1
816	0.994399	-0.0683472	0.0806223	0.260419	0.0554871	0.986795	0.152171	-1.10374	-0.0899582	-0.146845	0.98506	5.25307	0	0	0	1
817	0.993846	-0.060856	0.0925613	0.269577	0.0488313	0.990695	0.12704	-1.11238	-0.0994312	-0.121738	0.987569	5.3313	0	0	0	1
818	0.992422	-0.0588818	0.107845	0.270273	0.0460319	0.991947	0.11799	-1.12585	-0.113924	-0.112131	0.987141	5.41586	0	0	0	1
819	0.991556	-0.0596758	0.115136	0.280609	0.0446936	0.990692	0.12858	-1.13663	-0.121737	-0.122348	0.984993	5.50346	0	0	0	1
820	0.989375	-0.0610349	0.131951	0.286621	0.0413877	0.988297	0.146817	-1.16558	-0.139367	-0.139796	0.980323	5.58442	0	0	0	1
821	0.986397	-0.0613782	0.152494	0.303875	0.0382362	0.987901	0.150298	-1.20551	-0.159874	-0.142422	0.976809	5.64891	0	0	0	1
822	0.981834	-0.0737584	0.174817	0.32087	0.0494422	0.988976	0.139581	-1.23194	-0.183185	-0.128402	0.974657	5.71866	0	0	0	1
823	0.977407	-0.0863311	0.192933	0.341951	0.0635956	0.990603	0.121084	-1.24973	-0.201573	-0.106079	0.973712	5.78723	0	0	0	1
824	0.971654	-0.0989245	0.214716	0.37335	0.0783626	0.991665	0.102269	-1.26617	-0.223043	-0.0825441	0.971307	5.85885	0	0	0	1
825	0.967861	-0.10474	0.228637	0.412325	0.0841793	0.991627	0.0979241	-1.28808	-0.236979	-0.0755304	0.968574	5.93541	0	0	0	1
826	0.971916	-0.0985479	0.2137	0.449831	0.0753971	0.990625	0.113919	-1.32558	-0.222923	-0.094607	0.970235	6.01082	0	0	0	1
827	0.975547	-0.117216	0.185923	0.484718	0.0902793	0.984966	0.147278	-1.36872	-0.200392	-0.126892	0.971464	6.08056	0	0	0	1
828	0.9774	-0.132475	0.164739	0.511437	0.107468	0.982454	0.152432	-1.40471	-0.182041	-0.131283	0.974487	6.1393	0	0	0	1
829	0.978342	-0.144214	0.148489	0.52955	0.121358	0.980756	0.152939	-1.43916	-0.167688	-0.131606	0.977016	6.19588	0	0	0	1
830	0.978571	-0.149914	0.141154	0.543796	0.127183	0.979178	0.158227	-1.46818	-0.161936	-0.136883	0.977261	6.25211	0	0	0	1
831	0.979871	-0.141033	0.141286	0.549458	0.118385	0.980384	0.157583	-1.4952	-0.160739	-0.137685	0.977346	6.30494	0	0	0	1
832	0.982498	-0.126546	0.136693	0.550328	0.104926	0.982294	0.155206	-1.52018	-0.153913	-0.138147	0.978379	6.35566	0	0	0	1
833	0.983338	-0.112353	0.142907	0.53988	0.0925757	0.986064	0.138233	-1.5397	-0.156446	-0.1227	0.980035	6.39236	0	0	0	1
834	0.982807	-0.0941323	0.158836	0.556553	0.0705867	0.986485	0.147869	-1.63044	-0.170609	-0.134115	0.976169	6.38589	0	0	0	1
835	0.978643	-0.089284	0.185163	0.574758	0.0603908	0.985878	0.156198	-1.66489	-0.196494	-0.14168	0.970215	6.43726	0	0	0	1
836	0.973737	-0.0786035	0.213679	0.591243	0.0467663	0.987554	0.150165	-1.69711	-0.222823	-0.136229	0.965294	6.48071	0	0	0	1
837	0.967011	-0.0846034	0.240275	0.614968	0.0517799	0.988827	0.139783	-1.72367	-0.249417	-0.12273	0.960588	6.52365	0	0	0	1
838	0.961293	-0.0936942	0.259107	0.644172	0.0600305	0.989036	0.134925	-1.74791	-0.268908	-0.114148	0.956378	6.56636	0	0	0	1
839	0.958736	-0.0997801	0.266214	0.680747	0.0613357	0.98693	0.14902	-1.78153	-0.277604	-0.126542	0.952325	6.60775	0	0	0	1
840	0.956698	-0.101591	0.272778	0.695704	0.0632294	0.987272	0.145929	-1.81281	-0.284131	-0.122362	0.950945	6.64822	0	0	0	1
841	0.960152	-0.105222	0.258915	0.730575	0.0728027	0.988601	0.131785	-1.84927	-0.26983	-0.107684	0.956868	6.67835	0	0	0	1
842	0.963104	-0.11618	0.242762	0.760823	0.0909468	0.989456	0.11272	-1.88309	-0.253298	-0.0864824	0.963515	6.70866	0	0	0	1
843	0.96369	-0.132561	0.231796	0.78334	0.106962	0.987023	0.119771	-1.92077	-0.244665	-0.0906287	0.965363	6.7439	0	0	0	1
844	0.96465	-0.139337	0.223687	0.80012	0.109092	0.983786	0.14235	-1.95336	-0.239895	-0.112916	0.96421	6.78579	0	0	0	1
845	0.968105	-0.126508	0.216261	0.813614	0.0941877	0.98361	0.153754	-1.98243	-0.232168	-0.12848	0.964153	6.82812	0	0	0	1
846	0.971991	-0.116375	0.204184	0.827008	0.0826127	0.982535	0.166733	-2.01303	-0.220021	-0.145195	0.964629	6.87	0	0	0	1
847	0.973952	-0.109423	0.198605	0.83057	0.0754079	0.982309	0.171412	-2.04548	-0.213848	-0.151971	0.964973	6.90423	0	0	0	1
848	0.974168	-0.108705	0.197939	0.838571	0.075265	0.982694	0.169257	-2.08231	-0.212912	-0.149987	0.965491	6.93735	0	0	0	1
849	0.972094	-0.111995	0.20613	0.853581	0.0794241	0.983913	0.160022	-2.11528	-0.220735	-0.139185	0.965351	6.96627	0	0	0	1
850	0.968995	-0.115511	0.218418	0.870582	0.0833444	0.984989	0.151162	-2.14426	-0.2326	-0.128272	0.964077	6.99618	0	0	0	1
851	0.966166	-0.112825	0.231933	0.883654	0.0811776	0.986567	0.141758	-2.16521	-0.244812	-0.118134	0.962347	7.02706	0	0	0	1
852	0.961751	-0.103374	0.253672	0.897994	0.0729595	0.989276	0.126527	-2.1834	-0.264031	-0.10318	0.958979	7.06042	0	0	0	1
853	0.957249	-0.0942206	0.273491	0.914882	0.0648274	0.991293	0.114608	-2.20459	-0.281908	-0.0919791	0.955022	7.08889	0	0	0	1
854	0.95763	-0.0820698	0.276059	0.932063	0.0534138	0.99252	0.109778	-2.23547	-0.283004	-0.0903815	0.954851	7.11517	0	0	0	1
855	0.961688	-0.0792821	0.262432	0.957595	0.0540207	0.993304	0.102122	-2.27879	-0.268772	-0.0840331	0.959531	7.14454	0	0	0	1
856	0.964289	-0.084722	0.250935	0.980716	0.0628936	0.993604	0.0937794	-2.32142	-0.257276	-0.0746482	0.96345	7.17094	0	0	0	1
857	0.963336	-0.105266	0.246783	1.00398	0.0833006	0.991709	0.0978461	-2.36032	-0.255037	-0.0737016	0.964118	7.20036	0	0	0	1
858	0.962791	-0.122323	0.240978	1.02307	0.0965501	0.988541	0.116042	-2.3889	-0.252411	-0.0884576	0.963568	7.236	0	0	0	1
859	0.965263	-0.118301	0.232964	1.03489	0.0931874	0.988863	0.11604	-2.40533	-0.244098	-0.0902998	0.965537	7.27042	0	0	0	1
860	0.969513	-0.106422	0.220724	1.04521	0.0861496	0.991296	0.0995498	-2.41762	-0.229397	-0.0774995	0.970243	7.3066	0	0	0	1
861	0.973594	-0.106351	0.202001	1.05535	0.087859	0.991258	0.0984273	-2.43865	-0.210703	-0.0780806	0.974427	7.34302	0	0	0	1
862	0.974608	-0.102153	0.199257	1.06085	0.0844848	0.991861	0.0952628	-2.46906	-0.207367	-0.0760097	0.975306	7.38387	0	0	0	1
863	0.971225	-0.092682	0.219389	1.06985	0.0729207	0.992655	0.0965356	-2.50424	-0.226725	-0.0777598	0.97085	7.42072	0	0	0	1
864	0.96534	-0.0920019	0.244241	1.08652	0.0718238	0.993322	0.0902923	-2.53649	-0.250917	-0.0696205	0.965502	7.45539	0	0	0	1
865	0.960679	-0.0929265	0.261648	1.10447	0.0720097	0.993475	0.0884469	-2.57098	-0.26816	-0.066128	0.961102	7.4913	0	0	0	1
866	0.955978	-0.100297	0.275766	1.12857	0.0740964	0.991827	0.103866	-2.59848	-0.283929	-0.0788602	0.955597	7.52959	0	0	0	1
867	0.950824	-0.106782	0.290743	1.15864	0.0759435	0.990413	0.115392	-2.62324	-0.300277	-0.0876377	0.949817	7.56594	0	0	0	1
868	0.947554	-0.10485	0.301908	1.18899	0.068316	0.989269	0.129151	-2.64786	-0.312209	-0.101752	0.944548	7.60036	0	0	0	1
869	0.9475	-0.107513	0.301138	1.21851	0.0694277	0.988483	0.134463	-2.6793	-0.312126	-0.106496	0.944053	7.63015	0	0	0	1
870	0.952824	-0.105384	0.284642	1.24055	0.0707722	0.989079	0.129284	-2.71296	-0.295158	-0.10304	0.949876	7.65742	0	0	0	1
871	0.956753	-0.116249	0.266665	1.26112	0.0854718	0.988558	0.124289	-2.75239	-0.278063	-0.0961215	0.955742	7.68734	0	0	0	1
872	0.959399	-0.133041	0.248706	1.28272	0.103962	0.986483	0.126663	-2.79	-0.262195	-0.0956642	0.960261	7.7193	0	0	0	1
873	0.961396	-0.137371	0.238426	1.30186	0.110117	0.986135	0.124146	-2.81518	-0.252175	-0.0930985	0.963193	7.7542	0	0	0	1
874	0.962272	-0.125284	0.24153	1.31331	0.101483	0.988889	0.108629	-2.83278	-0.252455	-0.080019	0.964294	7.7901	0	0	0	1
875	0.962255	-0.106184	0.25058	1.31725	0.0853256	0.99203	0.0927144	-2.84987	-0.258428	-0.067834	0.963646	7.83013	0	0	0	1
876	0.963051	-0.0873193	0.254771	1.31893	0.0675316	0.994053	0.0854246	-2.87806	-0.260715	-0.0650632	0.963221	7.8704	0	0	0	1
877	0.963362	-0.0581982	0.261815	1.32059	0.0373973	0.995785	0.0837453	-2.91296	-0.265585	-0.0708858	0.961478	7.9096	0	0	0	1
878	0.958136	-0.0307459	0.284659	1.32383	0.0141295	0.998084	0.060244	-2.94698	-0.285966	-0.0536999	0.956734	7.94025	0	0	0	1
879	0.951265	-0.0128771	0.308105	1.33658	0.00452751	0.999603	0.0277994	-2.98074	-0.308341	-0.0250496	0.950946	7.97275	0	0	0	1
880	0.945649	0.00677915	0.325119	1.34977	-0.00276353	0.999914	-0.0128114	-3.00248	-0.325178	0.0112167	0.945586	8.00596	0	0	0	1
881	0.939598	0.0315802	0.340821	1.36835	-0.00842944	0.997568	-0.0691952	-3.03064	-0.342177	0.0621427	0.937578	8.02837	0	0	0	1
882	0.93429	0.0427887	0.353938	1.3886	-0.00338801	0.993792	-0.1112	-3.05925	-0.356499	0.102693	0.928635	8.05637	0	0	0	1
883	0.935957	0.0444996	0.349291	1.41297	-0.00149127	0.992474	-0.122445	-3.08485	-0.352111	0.114082	0.92898	8.08218	0	0	0	1
884	0.942496	0.0274474	0.333089	1.43809	0.0142312	0.992422	-0.122046	-3.12224	-0.333915	0.119768	0.934963	8.10621	0	0	0	1
885	0.949529	0.0106551	0.313499	1.46467	0.031982	0.990926	-0.130547	-3.1687	-0.312045	0.133984	0.940572	8.12989	0	0	0	1
886	0.954057	-0.00260369	0.299614	1.48506	0.0480955	0.988326	-0.144561	-3.21065	-0.29574	0.15233	0.943045	8.16102	0	0	0	1
887	0.955674	-0.0207207	0.293698	1.49843	0.0629376	0.98884	-0.135031	-3.24154	-0.287623	0.14753	0.946313	8.19446	0	0	0	1
888	0.957397	-0.0315606	0.287044	1.51016	0.0661905	0.991529	-0.111751	-3.25703	-0.281086	0.125989	0.951377	8.23875	0	0	0	1
889	0.958845	-0.0337744	0.281915	1.52169	0.0595837	0.994726	-0.0834835	-3.27101	-0.277608	0.0968453	0.955801	8.29205	0	0	0	1
890	0.960513	-0.0273748	0.276886	1.51718	0.0407995	0.998249	-0.0428392	-3.28694	-0.275228	0.0524444	0.959947	8.35122	0	0	0	1
891	0.960481	-0.011614	0.278102	1.52009	0.0137684	0.999888	-0.00579481	-3.31728	-0.278004	0.00939483	0.960534	8.40751	0	0	0	1
892	0.955576	-0.00252025	0.294734	1.52783	-0.0111765	0.998934	0.0447779	-3.34414	-0.294532	-0.0460828	0.95453	8.4649	0	0	0	1
893	0.952298	-0.00520483	0.305125	1.54136	-0.01873	0.996973	0.0754627	-3.37628	-0.304595	-0.0775779	0.949318	8.52135	0	0	0	1
894	0.950024	-0.0323691	0.310495	1.56147	-0.00560356	0.992681	0.120632	-3.39747	-0.312127	-0.116343	0.94289	8.57843	0	0	0	1
895	0.947007	-0.0654506	0.314475	1.58793	0.0086145	0.983844	0.178822	-3.40995	-0.321098	-0.166637	0.93227	8.63924	0	0	0	1
896	0.943875	-0.0907916	0.317581	1.61646	0.0196413	0.975207	0.220422	-3.42146	-0.329719	-0.201813	0.922256	8.6918	0	0	0	1
897	0.94345	-0.0964711	0.317168	1.63646	0.0191008	0.970952	0.238511	-3.42045	-0.330964	-0.218965	0.917887	8.74108	0	0	0	1
898	0.949361	-0.0997756	0.297923	1.66775	0.0247306	0.969024	0.245724	-3.45097	-0.313212	-0.225913	0.922422	8.77516	0	0	0	1
899	0.956871	-0.10596	0.270499	1.69385	0.0366176	0.967676	0.249526	-3.48888	-0.288195	-0.228859	0.929821	8.80964	0	0	0	1
900	0.960528	-0.12272	0.249653	1.71865	0.0610871	0.968579	0.241087	-3.51956	-0.271394	-0.21632	0.937844	8.84817	0	0	0	1
901	0.964041	-0.131466	0.230957	1.73771	0.0759414	0.969109	0.23465	-3.5527	-0.254671	-0.208674	0.944245	8.89134	0	0	0	1
902	0.965951	-0.133017	0.221912	1.75091	0.075956	0.965717	0.248238	-3.57693	-0.247324	-0.222931	0.942938	8.94256	0	0	0	1
903	0.966695	-0.119998	0.226054	1.76411	0.0610883	0.965924	0.251512	-3.58992	-0.248533	-0.229327	0.941085	8.99832	0	0	0	1
904	0.967223	-0.103393	0.231926	1.77517	0.0443748	0.968119	0.24653	-3.60129	-0.250021	-0.228158	0.940975	9.05171	0	0	0	1
905	0.96747	-0.0966676	0.233789	1.77599	0.0365689	0.967849	0.248859	-3.62238	-0.250329	-0.232214	0.9399	9.1044	0	0	0	1
906	0.96904	-0.0820452	0.232875	1.78371	0.0237316	0.969759	0.242908	-3.66697	-0.245762	-0.229861	0.941682	9.15806	0	0	0	1
907	0.968487	-0.0713843	0.238614	1.79364	0.00728679	0.965758	0.259342	-3.71385	-0.248957	-0.249431	0.935844	9.21004	0	0	0	1
908	0.963581	-0.071021	0.257815	1.80963	0.00340567	0.96727	0.253728	-3.76005	-0.267397	-0.243609	0.932284	9.25149	0	0	0	1
909	0.954438	-0.0803097	0.287401	1.83264	0.00957631	0.970852	0.239487	-3.7994	-0.298257	-0.225823	0.927387	9.28991	0	0	0	1
910	0.943027	-0.088181	0.320819	1.86405	0.0169806	0.975738	0.21828	-3.82724	-0.332284	-0.200396	0.921645	9.33101	0	0	0	1
911	0.930391	-0.0955974	0.353884	1.89091	0.0237266	0.979076	0.202106	-3.84048	-0.3658	-0.179642	0.913192	9.37944	0	0	0	1
912	0.921703	-0.0941713	0.376292	1.92217	0.0285301	0.983913	0.176353	-3.85358	-0.386846	-0.151809	0.909563	9.42918	0	0	0	1
913	0.915958	-0.0815889	0.392892	1.96091	0.0257402	0.989041	0.145378	-3.85499	-0.400447	-0.123047	0.908021	9.4831	0	0	0	1
914	0.913624	-0.041221	0.404466	2.0015	-0.00407722	0.993868	0.110499	-3.85929	-0.406541	-0.102604	0.907853	9.54132	0	0	0	1
915	0.910022	-0.00895193	0.414463	2.039	-0.0207568	0.997529	0.0671205	-3.87496	-0.41404	-0.0696841	0.907588	9.60386	0	0	0	1
916	0.916921	-0.00150273	0.399066	2.08463	-0.028044	0.997278	0.0681911	-3.90844	-0.398082	-0.0737172	0.914383	9.66432	0	0	0	1
917	0.922428	-0.0146808	0.385889	2.13205	-0.0164561	0.996875	0.0772618	-3.94097	-0.385817	-0.0776187	0.919304	9.72587	0	0	0	1
918	0.923932	-0.0241227	0.381795	2.17294	-0.00588934	0.996995	0.0772446	-3.97195	-0.382511	-0.0736173	0.921014	9.78673	0	0	0	1
919	0.928241	-0.0244308	0.371177	2.21314	-0.00735944	0.996439	0.0839902	-3.99852	-0.371907	-0.0806948	0.924756	9.84778	0	0	0	1
920	0.932313	-0.0173872	0.361233	2.24937	-0.0122359	0.996755	0.0795565	-4.01711	-0.361444	-0.0785916	0.929076	9.90966	0	0	0	1
921	0.937343	-0.0148997	0.34809	2.28433	-0.0132351	0.996841	0.0783084	-4.03031	-0.348158	-0.0780088	0.934185	9.97196	0	0	0	1
922	0.942093	-0.0164626	0.334947	2.31243	-0.00908003	0.997176	0.0745501	-4.04509	-0.335228	-0.0732745	0.939283	10.0392	0	0	0	1
923	0.947894	-0.0168452	0.31814	2.34049	-0.00565581	0.997554	0.0696708	-4.08076	-0.318536	-0.0678399	0.94548	10.0982	0	0	0	1
924	0.947772	-0.0195615	0.318349	2.37076	-0.0050621	0.997069	0.0763371	-4.12344	-0.31891	-0.0739617	0.944895	10.157	0	0	0	1
925	0.943643	-0.0234781	0.330131	2.40123	-0.00106463	0.99726	0.0739659	-4.16596	-0.330963	-0.0701488	0.941033	10.2089	0	0	0	1
926	0.942112	-0.0222114	0.334561	2.432	-0.000539972	0.997702	0.0677576	-4.2008	-0.335297	-0.0640159	0.939935	10.2568	0	0	0	1
927	0.942949	-0.0155398	0.332574	2.46382	-0.00455284	0.998215	0.0595513	-4.23133	-0.332906	-0.057668	0.941195	10.3031	0	0	0	1
928	0.94258	-0.0130501	0.333725	2.49468	-0.00372246	0.998764	0.0495698	-4.26331	-0.333959	-0.0479658	0.941366	10.3454	0	0	0	1
929	0.947945	-0.00465508	0.318399	2.5294	-0.0115127	0.998738	0.0488776	-4.30069	-0.318225	-0.049999	0.946696	10.3801	0	0	0	1
930	0.955002	-0.00350557	0.296579	2.56017	-0.0120245	0.99865	0.0505237	-4.33982	-0.296356	-0.0518165	0.953671	10.4111	0	0	0	1
931	0.961815	-0.0143402	0.273323	2.59184	0.00375117	0.999223	0.039225	-4.37972	-0.273673	-0.0367019	0.961122	10.4379	0	0	0	1
932	0.967771	-0.0346828	0.249432	2.6185	0.0305477	0.999325	0.0204309	-4.4217	-0.249972	-0.0121528	0.968177	10.4622	0	0	0	1
933	0.971897	-0.0457259	0.230925	2.64044	0.0469344	0.998898	0.000260572	-4.46091	-0.230682	0.0105851	0.972972	10.4869	0	0	0	1
934	0.972764	-0.0462231	0.22714	2.6564	0.0502562	0.998664	-0.012002	-4.49039	-0.226282	0.0230903	0.973788	10.5188	0	0	0	1
935	0.972966	-0.0260119	0.229481	2.66436	0.0339824	0.998946	-0.0308489	-4.50614	-0.228436	0.0378132	0.972824	10.5509	0	0	0	1
936	0.973114	-0.000654917	0.230322	2.67015	0.0131455	0.998524	-0.0527005	-4.51976	-0.229948	0.0543113	0.971686	10.587	0	0	0	1
937	0.97235	0.0155533	0.233008	2.67138	-0.00465674	0.998873	-0.0472419	-4.54471	-0.23348	0.0448507	0.971327	10.6228	0	0	0	1
938	0.970008	0.0362036	0.24036	2.67175	-0.0227349	0.998024	-0.0585747	-4.58422	-0.242005	0.0513534	0.968915	10.6496	0	0	0	1
939	0.964972	0.0409648	0.259134	2.67796	-0.0259031	0.997785	-0.0612744	-4.61673	-0.26107	0.0524157	0.963896	10.6773	0	0	0	1
940	0.960694	0.0502195	0.273029	2.68533	-0.0284626	0.996137	-0.0830743	-4.65315	-0.276146	0.0720379	0.958412	10.7051	0	0	0	1
941	0.956772	0.0574097	0.285117	2.69662	-0.0298243	0.994523	-0.10017	-4.68389	-0.289306	0.0873367	0.953244	10.7369	0	0	0	1
942	0.951624	0.0644244	0.300434	2.71123	-0.0368444	0.994643	-0.096584	-4.71294	-0.305047	0.0808424	0.9489	10.7776	0	0	0	1
943	0.946276	0.0670168	0.31634	2.72901	-0.0423916	0.995555	-0.0841019	-4.73515	-0.32057	0.0661734	0.944911	10.8066	0	0	0	1
944	0.942675	0.0811881	0.323684	2.7509	-0.0545014	0.994387	-0.0906908	-4.74933	-0.32923	0.0678507	0.941809	10.837	0	0	0	1
945	0.941995	0.105088	0.318749	2.78031	-0.0749022	0.991588	-0.105558	-4.77441	-0.327161	0.0755604	0.941943	10.8655	0	0	0	1
946	0.945886	0.129332	0.297613	2.80846	-0.0983423	0.988262	-0.116909	-4.79712	-0.30924	0.0813147	0.947501	10.8744	0	0	0	1
947	0.951107	0.126031	0.281979	2.83991	-0.0999626	0.989429	-0.105057	-4.83405	-0.292239	0.0717335	0.953651	10.9031	0	0	0	1
948	0.954856	0.114077	0.274293	2.86493	-0.0891095	0.990799	-0.101864	-4.85252	-0.283389	0.0728237	0.956236	10.9427	0	0	0	1
949	0.956803	0.105065	0.27109	2.89085	-0.0822624	0.992151	-0.09418	-4.8835	-0.278858	0.0678111	0.957935	10.9746	0	0	0	1
950	0.957898	0.102925	0.268025	2.91434	-0.0852023	0.993386	-0.0769674	-4.90146	-0.274175	0.0508906	0.960332	11.0159	0	0	0	1
951	0.959001	0.105198	0.263155	2.93477	-0.0913428	0.993736	-0.0643779	-4.91644	-0.268279	0.0377012	0.962603	11.0521	0	0	0	1
952	0.962814	0.114919	0.244506	2.94555	-0.104857	0.99303	-0.0538249	-4.92754	-0.248987	0.0261854	0.968153	11.0894	0	0	0	1
953	0.965959	0.12307	0.227547	2.94974	-0.117112	0.992331	-0.0395558	-4.95171	-0.23067	0.0115608	0.972963	11.1395	0	0	0	1
954	0.961902	0.136554	0.236849	2.96459	-0.131764	0.990627	-0.036015	-4.98962	-0.239547	0.00343466	0.970879	11.1967	0	0	0	1
955	0.954866	0.129099	0.267514	2.97415	-0.123935	0.991631	-0.0361727	-5.0207	-0.269945	0.00138555	0.962875	11.2382	0	0	0	1
956	0.949871	0.139964	0.279561	2.9839	-0.127854	0.989904	-0.061189	-5.05543	-0.285303	0.0223786	0.958176	11.2683	0	0	0	1
957	0.947469	0.14519	0.284994	3.00809	-0.127588	0.988637	-0.0794907	-5.08957	-0.293297	0.0389533	0.955228	11.3119	0	0	0	1
958	0.944269	0.150775	0.292615	3.02309	-0.131308	0.987675	-0.0851855	-5.11704	-0.301852	0.0420152	0.952428	11.341	0	0	0	1
959	0.940446	0.153931	0.303094	3.04807	-0.130953	0.98684	-0.0948574	-5.13776	-0.313706	0.0495172	0.948228	11.379	0	0	0	1
960	0.934545	0.163674	0.315969	3.07101	-0.138061	0.98516	-0.101976	-5.15754	-0.32797	0.0516778	0.943273	11.4099	0	0	0	1
961	0.932854	0.17008	0.317579	3.10026	-0.14857	0.98471	-0.0909538	-5.18297	-0.328192	0.0376638	0.94386	11.4394	0	0	0	1
962	0.939923	0.165901	0.298367	3.12254	-0.154367	0.986067	-0.0619906	-5.22442	-0.304494	0.0122084	0.952436	11.4634	0	0	0	1
963	0.949598	0.135943	0.282457	3.14926	-0.129891	0.990716	-0.0401338	-5.2643	-0.285291	0.00142224	0.95844	11.4898	0	0	0	1
964	0.955996	0.108179	0.272706	3.17298	-0.101181	0.994078	-0.03964	-5.29984	-0.27538	0.010303	0.96128	11.517	0	0	0	1
965	0.959908	0.0851435	0.267071	3.19558	-0.0804824	0.996352	-0.0283716	-5.32818	-0.268512	0.00573963	0.963259	11.5488	0	0	0	1
966	0.962353	0.0678535	0.263198	3.21322	-0.0668735	0.997681	-0.0126908	-5.348	-0.263449	-0.00538795	0.964658	11.5851	0	0	0	1
967	0.96449	0.0526335	0.258821	3.22977	-0.0523841	0.998596	-0.00786509	-5.36597	-0.258872	-0.00597233	0.965893	11.6196	0	0	0	1
968	0.966507	0.0371412	0.25394	3.2412	-0.0366257	0.999306	-0.00675948	-5.39246	-0.254015	-0.00276764	0.967196	11.6556	0	0	0	1
969	0.966229	0.0333918	0.255511	3.25311	-0.0296215	0.999388	-0.0185912	-5.42344	-0.255976	0.0103947	0.966627	11.6983	0	0	0	1
970	0.962085	0.0253043	0.271572	3.26515	-0.0235928	0.999676	-0.00956598	-5.45937	-0.271726	0.00279614	0.962371	11.7361	0	0	0	1
971	0.956581	0.0232164	0.290542	3.27901	-0.0223046	0.99973	-0.00644994	-5.49336	-0.290613	-0.000310533	0.956841	11.7717	0	0	0	1
972	0.951774	0.0222834	0.305989	3.29445	-0.0196739	0.999739	-0.0116097	-5.52262	-0.306168	0.00502983	0.951964	11.8067	0	0	0	1
973	0.947231	0.0205601	0.319891	3.31735	-0.0171288	0.999762	-0.0135366	-5.54614	-0.320094	0.00734294	0.947357	11.8415	0	0	0	1
974	0.941835	0.0270483	0.334985	3.33733	-0.0183109	0.999405	-0.0292142	-5.56836	-0.335576	0.0213811	0.94177	11.8723	0	0	0	1
975	0.938758	0.0440376	0.341752	3.36317	-0.0326189	0.998703	-0.0390906	-5.5901	-0.34303	0.025549	0.938977	11.9089	0	0	0	1
976	0.937112	0.0633626	0.34323	3.39312	-0.0508962	0.99768	-0.0452181	-5.62182	-0.345299	0.0249053	0.938162	11.938	0	0	0	1
977	0.939411	0.0630871	0.336937	3.41831	-0.047772	0.997421	-0.0535616	-5.66539	-0.339448	0.0342202	0.940002	11.9598	0	0	0	1
978	0.945271	0.0406112	0.32375	3.44351	-0.0319321	0.998975	-0.0320774	-5.70882	-0.324721	0.0199838	0.945599	11.9826	0	0	0	1
979	0.951268	0.0234823	0.307471	3.46566	-0.019043	0.999667	-0.0174309	-5.74502	-0.307778	0.0107262	0.951398	12.0149	0	0	0	1
980	0.95522	0.0156187	0.295484	3.48714	-0.0151303	0.999878	-0.00393936	-5.77388	-0.295509	-0.000707798	0.95534	12.0532	0	0	0	1
981	0.955735	0.0136578	0.293912	3.50782	-0.0142337	0.999899	-0.00017946	-5.79189	-0.293885	-0.00401195	0.955832	12.0922	0	0	0	1
982	0.95627	0.0241692	0.291486	3.52472	-0.0229483	0.999708	-0.00760718	-5.80961	-0.291585	0.000585392	0.956545	12.1301	0	0	0	1
983	0.955935	0.0280646	0.292233	3.54088	-0.0274782	0.999604	-0.00611183	-5.83261	-0.292289	-0.00218753	0.956328	12.1678	0	0	0	1
984	0.950866	0.044249	0.306424	3.55204	-0.043004	0.999016	-0.0108166	-5.86872	-0.306601	-0.00289233	0.951834	12.2057	0	0	0	1
985	0.941057	0.0465806	0.335026	3.57213	-0.0498128	0.998758	0.00105623	-5.89871	-0.33456	-0.0176825	0.942208	12.2424	0	0	0	1
986	0.929806	0.0655882	0.362159	3.59028	-0.070282	0.997527	-0.00021352	-5.92878	-0.361278	-0.0252548	0.932116	12.2756	0	0	0	1
987	0.917623	0.0756734	0.390182	3.61475	-0.0827708	0.996568	0.00138074	-5.96002	-0.388738	-0.0335627	0.920737	12.3132	0	0	0	1
988	0.907298	0.0671074	0.415098	3.64802	-0.0811995	0.996563	0.0163707	-5.98632	-0.412573	-0.0485589	0.909629	12.3516	0	0	0	1
989	0.898188	0.0481456	0.436968	3.68441	-0.0670368	0.99736	0.0279039	-6.00859	-0.434471	-0.0543559	0.899044	12.3798	0	0	0	1
990	0.895876	0.0492699	0.441563	3.71303	-0.0646494	0.997711	0.0198402	-6.0319	-0.439575	-0.0463212	0.897011	12.3962	0	0	0	1
991	0.903008	0.0606736	0.425317	3.74329	-0.0672696	0.997735	0.000491081	-6.06559	-0.424324	-0.0290544	0.905044	12.4128	0	0	0	1
992	0.91353	0.0619716	0.402023	3.77334	-0.0653529	0.997848	-0.00531419	-6.11116	-0.401487	-0.0214187	0.915614	12.4275	0	0	0	1
993	0.921185	0.046865	0.386293	3.79862	-0.0404675	0.998876	-0.0246813	-6.15313	-0.387016	0.00710368	0.922046	12.4441	0	0	0	1
994	0.930338	0.0251945	0.365838	3.83034	-0.0129411	0.999271	-0.0359082	-6.19109	-0.366476	0.0286724	0.929986	12.4671	0	0	0	1
995	0.937431	0.00879758	0.348061	3.85326	0.00265914	0.999471	-0.0324244	-6.22089	-0.348162	0.0313212	0.936911	12.4902	0	0	0	1
996	0.938144	0.0058103	0.346198	3.87443	0.00429445	0.999587	-0.0284136	-6.23783	-0.34622	0.0281427	0.937731	12.5249	0	0	0	1
997	0.936937	0.0196968	0.348942	3.88853	-0.00953071	0.999479	-0.0308272	-6.24788	-0.349367	0.0255575	0.936637	12.5577	0	0	0	1
998	0.938749	0.0293818	0.343348	3.89696	-0.0206316	0.999363	-0.0291111	-6.26019	-0.343985	0.0202442	0.938757	12.5939	0	0	0	1
999	0.938976	0.0496466	0.340382	3.90466	-0.0392298	0.998529	-0.0374221	-6.29824	-0.341739	0.0217853	0.939542	12.627	0	0	0	1
1000	0.934071	0.0694671	0.350266	3.91443	-0.0600256	0.997483	-0.0377544	-6.3352	-0.352007	0.0142403	0.935889	12.665	0	0	0	1
1001	0.923362	0.079614	0.375584	3.92965	-0.0676816	0.996697	-0.0448807	-6.37071	-0.377917	0.016021	0.925701	12.6974	0	0	0	1
1002	0.913435	0.0979132	0.395031	3.9415	-0.0762846	0.994616	-0.0701338	-6.40687	-0.399771	0.0339279	0.915987	12.7158	0	0	0	1
1003	0.90441	0.113109	0.411398	3.96571	-0.0861844	0.992775	-0.0834865	-6.4354	-0.417869	0.0400499	0.907624	12.7483	0	0	0	1
1004	0.895304	0.115564	0.430203	3.99779	-0.088888	0.992687	-0.081676	-6.45122	-0.436496	0.0348849	0.89903	12.7814	0	0	0	1
1005	0.885891	0.0922956	0.454619	4.03915	-0.0687452	0.995307	-0.0681047	-6.46895	-0.458771	0.0290805	0.888079	12.8262	0	0	0	1
1006	0.881638	0.0620531	0.467829	4.08755	-0.0512542	0.998044	-0.035791	-6.48796	-0.469135	0.00757654	0.883094	12.8659	0	0	0	1
1007	0.886548	0.0320387	0.461526	4.13606	-0.0391247	0.999218	0.00579018	-6.51204	-0.460979	-0.0231903	0.887108	12.9018	0	0	0	1
1008	0.902014	0.00984818	0.431594	4.17153	-0.0313106	0.998599	0.0426516	-6.55496	-0.43057	-0.0519858	0.901059	12.9128	0	0	0	1
1009	0.917437	-0.0105044	0.397743	4.20856	-0.0168749	0.997725	0.0652738	-6.59355	-0.397524	-0.0665964	0.915172	12.9425	0	0	0	1
1010	0.928182	-0.0147865	0.371833	4.24298	-0.00119988	0.999086	0.0427253	-6.63155	-0.372125	-0.040103	0.927316	12.9689	0	0	0	1
1011	0.935226	-0.0154129	0.353717	4.27686	0.00734455	0.999682	0.0241412	-6.66453	-0.353976	-0.0199796	0.935041	12.9944	0	0	0	1
1012	0.939091	-0.0126517	0.343436	4.30815	0.00655963	0.9998	0.0188946	-6.69416	-0.343606	-0.0154909	0.938986	13.0254	0	0	0	1
1013	0.940622	-0.00642393	0.339395	4.33984	0.000609067	0.999851	0.0172368	-6.71388	-0.339455	-0.0160066	0.940486	13.0575	0	0	0	1
1014	0.939859	-0.00123992	0.34156	4.3797	-0.00546978	0.999811	0.0186805	-6.7148	-0.341518	-0.0194253	0.939674	13.113	0	0	0	1
1015	0.936855	0.000845791	0.349716	4.4169	-0.00529898	0.999917	0.0117772	-6.70965	-0.349677	-0.0128866	0.936782	13.1624	0	0	0	1
1016	0.933979	0.00161934	0.357325	4.45329	-0.00184	0.999998	0.000277583	-6.71159	-0.357324	-0.000916736	0.93398	13.2243	0	0	0	1
1017	0.931107	0.0140218	0.364476	4.49012	-0.00791472	0.999802	-0.0182443	-6.72062	-0.36466	0.0141027	0.931034	13.2956	0	0	0	1
1018	0.927488	0.0254642	0.372986	4.5245	-0.0263852	0.999648	-0.00263626	-6.74661	-0.372922	-0.00739621	0.927833	13.3637	0	0	0	1
1019	0.921834	0.0158681	0.387259	4.56719	-0.0343619	0.998573	0.0408784	-6.76666	-0.386058	-0.0509901	0.921064	13.4402	0	0	0	1
1020	0.922064	0.011486	0.386867	4.6092	-0.0356465	0.997831	0.0553351	-6.79315	-0.385392	-0.0648129	0.920474	13.507	0	0	0	1
1021	0.926264	0.00169371	0.376872	4.65882	-0.0297599	0.997196	0.0686614	-6.8119	-0.375699	-0.0748142	0.923717	13.5707	0	0	0	1
1022	0.931395	-0.0137589	0.36375	4.70592	-0.018124	0.996293	0.0840922	-6.82437	-0.363558	-0.0849157	0.927693	13.6238	0	0	0	1
1023	0.936362	-0.0248672	0.350155	4.76369	-0.00820316	0.995665	0.0926462	-6.8244	-0.350941	-0.0896227	0.932099	13.6928	0	0	0	1
1024	0.939429	-0.0310902	0.341331	4.8249	-0.000608929	0.995724	0.0923717	-6.82275	-0.342743	-0.0869845	0.935393	13.7582	0	0	0	1
1025	0.945798	-0.0284616	0.323507	4.88838	0.00650771	0.997613	0.0687425	-6.83482	-0.324691	-0.0629112	0.943725	13.8132	0	0	0	1
1026	0.954221	-0.0501547	0.294866	4.95114	0.0250355	0.995774	0.0883564	-6.85943	-0.298051	-0.0769295	0.951445	13.8733	0	0	0	1
1027	0.950293	-0.0950036	0.29651	5.01142	0.0653975	0.991971	0.108239	-6.88445	-0.304413	-0.0834679	0.948876	13.9304	0	0	0	1
1028	0.949084	-0.0975403	0.299541	5.0597	0.0734831	0.993174	0.0905818	-6.91026	-0.306332	-0.0639586	0.949774	13.9797	0	0	0	1
1029	0.94788	-0.0878211	0.306285	5.1009	0.0653389	0.994412	0.0829193	-6.9259	-0.311855	-0.0585853	0.948322	14.0344	0	0	0	1
1030	0.944278	-0.0605711	0.323529	5.13439	0.0369764	0.996221	0.0785903	-6.93944	-0.327066	-0.0622481	0.942949	14.0947	0	0	0	1
1031	0.93931	-0.0234772	0.342267	5.16528	0.000114576	0.997677	0.0681194	-6.93946	-0.343071	-0.063946	0.93713	14.1608	0	0	0	1
1032	0.935116	0.010329	0.35419	5.19915	-0.0323037	0.997898	0.0561857	-6.93974	-0.352865	-0.0639819	0.933484	14.2285	0	0	0	1
1033	0.932644	0.0346435	0.359132	5.23551	-0.0540815	0.997557	0.0442175	-6.95016	-0.356722	-0.0606615	0.932239	14.3024	0	0	0	1
1034	0.926067	0.045657	0.374587	5.27703	-0.06734	0.996715	0.0449944	-6.97355	-0.371303	-0.0668926	0.926099	14.3877	0	0	0	1
1035	0.913338	0.0226376	0.406573	5.32481	-0.0702259	0.99225	0.10251	-6.99743	-0.401101	-0.122178	0.907849	14.4713	0	0	0	1
1036	0.911485	0.0141162	0.41109	5.36976	-0.0715752	0.989607	0.124718	-7.02031	-0.405058	-0.143102	0.903023	14.5418	0	0	0	1
